nodenumber,    x-coordinate,    y-coordinate,    z-coordinate,        pressure,dynamic-pressure,absolute-pressure,  total-pressure,    x-coordinate,    y-coordinate,    z-coordinate
         1, 1.605233625E-04, 3.507067975E-04,-1.249404806E-02,-8.558876449E+00, 2.859241845E-02, 1.013164411E+05,-8.530284031E+00, 1.605233625E-04, 3.507067975E-04,-1.249404806E-02
         2,-8.471595252E-04,-2.206518148E-03,-1.227451011E-02,-9.595672185E+00, 9.711272394E-02, 1.013154043E+05,-9.498559461E+00,-8.471595252E-04,-2.206518148E-03,-1.227451011E-02
         3, 1.565785002E-03,-1.952262137E-03,-1.224691757E-02,-7.644060229E+00, 1.074473186E-02, 1.013173559E+05,-7.633315497E+00, 1.565785002E-03,-1.952262137E-03,-1.224691757E-02
         4, 1.401317788E-04, 2.947103372E-03,-1.214680801E-02,-8.536476243E+00, 9.935984191E-03, 1.013164635E+05,-8.526540259E+00, 1.401317788E-04, 2.947103372E-03,-1.214680801E-02
         5, 2.966675833E-03, 1.087905780E-04,-1.214236382E-02,-6.985242709E+00, 1.291322490E-02, 1.013180148E+05,-6.972329484E+00, 2.966675833E-03, 1.087905780E-04,-1.214236382E-02
         6, 1.944758017E-03, 2.270078000E-03,-1.213732516E-02,-7.310288660E+00, 1.005932786E-02, 1.013176897E+05,-7.300229332E+00, 1.944758017E-03, 2.270078000E-03,-1.213732516E-02
         7,-2.131925920E-03, 2.347198335E-03,-1.209113526E-02,-1.071518094E+01, 2.670932305E-01, 1.013142848E+05,-1.044808771E+01,-2.131925920E-03, 2.347198335E-03,-1.209113526E-02
         8,-3.370250297E-03,-3.696543358E-04,-1.203140759E-02,-1.063251753E+01, 4.517533089E-01, 1.013143675E+05,-1.018076422E+01,-3.370250297E-03,-3.696543358E-04,-1.203140759E-02
         9,-1.300254131E-03, 4.579099285E-03,-1.155816547E-02,-1.033067948E+01, 1.466803923E-01, 1.013146693E+05,-1.018399909E+01,-1.300254131E-03, 4.579099285E-03,-1.155816547E-02
        10, 1.008404179E-03,-4.730946151E-03,-1.152611251E-02,-8.305847640E+00, 2.941304112E-02, 1.013166942E+05,-8.276434599E+00, 1.008404179E-03,-4.730946151E-03,-1.152611251E-02
        11, 4.170521760E-03,-2.749816085E-03,-1.145841436E-02,-6.789654190E+00, 9.266667385E-03, 1.013182103E+05,-6.780387522E+00, 4.170521760E-03,-2.749816085E-03,-1.145841436E-02
        12, 4.170521760E-03, 2.749816085E-03,-1.145841436E-02,-6.820619791E+00, 9.411025902E-03, 1.013181794E+05,-6.811208765E+00, 4.170521760E-03, 2.749816085E-03,-1.145841436E-02
        13,-3.057831455E-03,-4.082441132E-03,-1.141198235E-02,-1.078537382E+01, 3.961866734E-01, 1.013142146E+05,-1.038918715E+01,-3.057831455E-03,-4.082441132E-03,-1.141198235E-02
        14, 1.658101707E-03, 4.852885239E-03,-1.139957032E-02,-7.649748523E+00, 6.317594008E-03, 1.013173503E+05,-7.643430929E+00, 1.658101707E-03, 4.852885239E-03,-1.139957032E-02
        15,-3.335632564E-03, 3.963290949E-03,-1.137611007E-02,-1.120666490E+01, 6.015053800E-01, 1.013137933E+05,-1.060515952E+01,-3.335632564E-03, 3.963290949E-03,-1.137611007E-02
        16,-4.798864846E-03, 2.296434045E-03,-1.131137865E-02,-9.884981429E+00, 8.351559064E-01, 1.013151150E+05,-9.049825523E+00,-4.798864846E-03, 2.296434045E-03,-1.131137865E-02
        17, 5.638188111E-03, 1.570342180E-05,-1.115619058E-02,-6.603059135E+00, 2.003515998E-02, 1.013183969E+05,-6.583023975E+00, 5.638188111E-03, 1.570342180E-05,-1.115619058E-02
        18,-5.556378670E-03,-2.454696233E-03,-1.092479393E-02,-9.079580892E+00, 9.657342157E-01, 1.013159204E+05,-8.113846677E+00,-5.556378670E-03,-2.454696233E-03,-1.092479393E-02
        19,-6.441793099E-03,-1.844202562E-04,-1.071070917E-02,-7.131048966E+00, 1.048877123E+00, 1.013178690E+05,-6.082171843E+00,-6.441793099E-03,-1.844202562E-04,-1.071070917E-02
        20,-3.509939050E-03, 5.728971367E-03,-1.054083559E-02,-1.155028187E+01, 5.311402982E-01, 1.013134497E+05,-1.101914158E+01,-3.509939050E-03, 5.728971367E-03,-1.054083559E-02
        21, 4.708801805E-03, 5.153620815E-03,-1.036905869E-02,-6.852015351E+00, 7.712955570E-03, 1.013181480E+05,-6.844302396E+00, 4.708801805E-03, 5.153620815E-03,-1.036905869E-02
        22, 4.771428571E-03,-5.364908725E-03,-1.023236159E-02,-6.760338320E+00, 1.189263710E-02, 1.013182397E+05,-6.748445683E+00, 4.771428571E-03,-5.364908725E-03,-1.023236159E-02
        23,-1.258312627E-03, 7.114531794E-03,-1.020049443E-02,-1.033202599E+01, 1.217243640E-01, 1.013146680E+05,-1.021030163E+01,-1.258312627E-03, 7.114531794E-03,-1.020049443E-02
        24, 6.761481503E-03,-2.783466211E-03,-1.013827814E-02,-6.433320602E+00, 2.514796861E-02, 1.013185667E+05,-6.408172634E+00, 6.761481503E-03,-2.783466211E-03,-1.013827814E-02
        25, 6.758810938E-03, 2.809542096E-03,-1.013286474E-02,-6.636772777E+00, 2.885703543E-02, 1.013183632E+05,-6.607915742E+00, 6.758810938E-03, 2.809542096E-03,-1.013286474E-02
        26,-1.222654032E-03,-7.232845805E-03,-1.012131704E-02,-1.008730901E+01, 1.530052481E-01, 1.013149127E+05,-9.934303758E+00,-1.222654032E-03,-7.232845805E-03,-1.012131704E-02
        27,-5.390207452E-03, 5.049868159E-03,-1.008436886E-02,-9.249487364E+00, 9.653126234E-01, 1.013157505E+05,-8.284174740E+00,-5.390207452E-03, 5.049868159E-03,-1.008436886E-02
        28,-3.916831352E-03,-6.598545425E-03,-9.867503759E-03,-1.091869651E+01, 6.530088831E-01, 1.013140813E+05,-1.026568762E+01,-3.916831352E-03,-6.598545425E-03,-9.867503759E-03
        29,-7.323192835E-03,-2.395362560E-03,-9.842920547E-03,-4.979950891E+00, 1.288590387E+00, 1.013200200E+05,-3.691360504E+00,-7.323192835E-03,-2.395362560E-03,-9.842920547E-03
        30,-6.288619737E-03,-5.056501435E-03,-9.546468197E-03,-7.370741756E+00, 1.039361410E+00, 1.013176293E+05,-6.331380346E+00,-6.288619737E-03,-5.056501435E-03,-9.546468197E-03
        31, 2.545068068E-03,-7.717155066E-03,-9.498323337E-03,-7.332726664E+00, 1.150634663E-02, 1.013176673E+05,-7.321220317E+00, 2.545068068E-03,-7.717155066E-03,-9.498323337E-03
        32, 2.545068068E-03, 7.717155066E-03,-9.498323337E-03,-7.378042667E+00, 8.192938926E-03, 1.013176220E+05,-7.369849729E+00, 2.545068068E-03, 7.717155066E-03,-9.498323337E-03
        33,-7.798850380E-03, 2.484945570E-03,-9.447379439E-03,-3.206070872E+00, 1.038052895E+00, 1.013217939E+05,-2.168017977E+00,-7.798850380E-03, 2.484945570E-03,-9.447379439E-03
        34,-4.337858305E-03, 7.301655555E-03,-9.171630797E-03,-1.040720195E+01, 7.468122271E-01, 1.013145928E+05,-9.660389727E+00,-4.337858305E-03, 7.301655555E-03,-9.171630797E-03
        35,-8.683513103E-03,-6.950722154E-04,-8.964567742E-03,-3.576474010E-01, 1.068664123E+00, 1.013246424E+05, 7.110167215E-01,-8.683513103E-03,-6.950722154E-04,-8.964567742E-03
        36, 7.126983347E-03, 5.120734450E-03,-8.901358720E-03,-6.686991240E+00, 3.526881464E-02, 1.013183130E+05,-6.651722426E+00, 7.126983347E-03, 5.120734450E-03,-8.901358720E-03
        37, 7.114969510E-03,-5.180651097E-03,-8.876264027E-03,-6.379079629E+00, 3.118879379E-02, 1.013186209E+05,-6.347890835E+00, 7.114969510E-03,-5.180651097E-03,-8.876264027E-03
        38, 8.838834765E-03, 1.138412281E-18,-8.838834765E-03,-5.998849774E+00, 3.223359528E-02, 1.013190012E+05,-5.966616179E+00, 8.838834765E-03, 1.138412281E-18,-8.838834765E-03
        39,-1.241905724E-04, 9.034224565E-03,-8.638134243E-03,-9.306965905E+00, 2.492326588E-02, 1.013156930E+05,-9.282042639E+00,-1.241905724E-04, 9.034224565E-03,-8.638134243E-03
        40,-7.398450938E-03, 5.716814169E-03,-8.296442579E-03,-4.244435667E+00, 1.076707969E+00, 1.013207556E+05,-3.167727698E+00,-7.398450938E-03, 5.716814169E-03,-8.296442579E-03
        41, 5.862169844E-03, 7.334860444E-03,-8.251350616E-03,-6.808186700E+00, 1.588831713E-02, 1.013181918E+05,-6.792298383E+00, 5.862169844E-03, 7.334860444E-03,-8.251350616E-03
        42, 5.736981052E-03,-7.497170858E-03,-8.193258054E-03,-6.621372526E+00, 2.227473901E-02, 1.013183786E+05,-6.599097787E+00, 5.736981052E-03,-7.497170858E-03,-8.193258054E-03
        43,-2.542182192E-03, 9.175028123E-03,-8.099763493E-03,-1.120490683E+01, 3.145666186E-01, 1.013137951E+05,-1.089034021E+01,-2.542182192E-03, 9.175028123E-03,-8.099763493E-03
        44,-8.783431384E-03,-3.683682966E-03,-8.095172198E-03,-6.853464225E-02, 9.985000506E-01, 1.013249315E+05, 9.299654083E-01,-8.783431384E-03,-3.683682966E-03,-8.095172198E-03
        45,-3.228062005E-03,-8.999582134E-03,-8.052151085E-03,-1.120704567E+01, 4.007553661E-01, 1.013137930E+05,-1.080629030E+01,-3.228062005E-03,-8.999582134E-03,-8.052151085E-03
        46, 9.092977739E-03,-3.362473030E-03,-7.890597630E-03,-5.882266397E+00, 3.712665361E-02, 1.013191177E+05,-5.845139744E+00, 9.092977739E-03,-3.362473030E-03,-7.890597630E-03
        47, 8.975830602E-03, 3.732297505E-03,-7.858398077E-03,-6.178220615E+00, 4.121587186E-02, 1.013188218E+05,-6.137004743E+00, 8.975830602E-03, 3.732297505E-03,-7.858398077E-03
        48,-5.685843591E-03,-7.986784279E-03,-7.754512205E-03,-9.100060951E+00, 9.808094785E-01, 1.013158999E+05,-8.119251472E+00,-5.685843591E-03,-7.986784279E-03,-7.754512205E-03
        49, 3.931495366E-04,-9.901153849E-03,-7.619880963E-03,-8.452243758E+00, 2.581621646E-02, 1.013165478E+05,-8.426427541E+00, 3.931495366E-04,-9.901153849E-03,-7.619880963E-03
        50, 3.749521111E-03,-9.235838179E-03,-7.542571483E-03,-6.937446774E+00, 1.255556373E-02, 1.013180626E+05,-6.924891210E+00, 3.749521111E-03,-9.235838179E-03,-7.542571483E-03
        51,-1.010130517E-02, 6.739455762E-04,-7.332082318E-03, 5.369475684E+00, 8.402364074E-01, 1.013303695E+05, 6.209712091E+00,-1.010130517E-02, 6.739455762E-04,-7.332082318E-03
        52, 1.656104317E-03, 1.009451481E-02,-7.183877037E-03,-7.797920919E+00, 8.103874554E-03, 1.013172021E+05,-7.789817044E+00, 1.656104317E-03, 1.009451481E-02,-7.183877037E-03
        53,-1.007633073E-02,-1.967269590E-03,-7.130736952E-03, 5.134761246E+00, 8.850896729E-01, 1.013301348E+05, 6.019850919E+00,-1.007633073E-02,-1.967269590E-03,-7.130736952E-03
        54,-6.997803996E-04, 1.025470413E-02,-7.113462628E-03,-9.928428110E+00, 7.337404407E-02, 1.013150716E+05,-9.855054066E+00,-6.997803996E-04, 1.025470413E-02,-7.113462628E-03
        55,-9.801453406E-03, 3.545474449E-03,-6.900081309E-03, 4.285494284E+00, 8.761346612E-01, 1.013292855E+05, 5.161628945E+00,-9.801453406E-03, 3.545474449E-03,-6.900081309E-03
        56,-8.140798455E-03,-6.581462287E-03,-6.830940981E-03,-2.359579691E+00, 1.010114943E+00, 1.013226404E+05,-1.349464748E+00,-8.140798455E-03,-6.581462287E-03,-6.830940981E-03
        57, 4.753287712E-03, 9.468729751E-03,-6.633205320E-03,-6.911408254E+00, 7.943497754E-03, 1.013180886E+05,-6.903464756E+00, 4.753287712E-03, 9.468729751E-03,-6.633205320E-03
        58, 8.280724873E-03, 6.744242800E-03,-6.495751276E-03,-6.334416788E+00, 3.177254656E-02, 1.013186656E+05,-6.302644242E+00, 8.280724873E-03, 6.744242800E-03,-6.495751276E-03
        59,-4.812655754E-03, 9.567599224E-03,-6.445881605E-03,-1.011409178E+01, 8.105491261E-01, 1.013148859E+05,-9.303542651E+00,-4.812655754E-03, 9.567599224E-03,-6.445881605E-03
        60,-7.159861980E-03, 7.986784279E-03,-6.418539811E-03,-5.169961157E+00, 1.066969796E+00, 1.013198300E+05,-4.102991361E+00,-7.159861980E-03, 7.986784279E-03,-6.418539811E-03
        61,-4.823206374E-03,-9.679208708E-03,-6.268939230E-03,-1.066830472E+01, 8.087161014E-01, 1.013143317E+05,-9.859588617E+00,-4.823206374E-03,-9.679208708E-03,-6.268939230E-03
        62, 8.410765379E-03,-6.816664061E-03,-6.248369133E-03,-5.923217975E+00, 3.183221597E-02, 1.013190768E+05,-5.891385759E+00, 8.410765379E-03,-6.816664061E-03,-6.248369133E-03
        63, 1.091443821E-02,-1.042346919E-03,-6.003211769E-03,-5.179404063E+00, 8.278861260E-02, 1.013198206E+05,-5.096615450E+00, 1.091443821E-02,-1.042346919E-03,-6.003211769E-03
        64, 3.039990801E-03,-1.060988967E-02,-5.868449286E-03,-7.041351087E+00, 8.597628379E-03, 1.013179586E+05,-7.032753458E+00, 3.039990801E-03,-1.060988967E-02,-5.868449286E-03
        65, 5.662474205E-03,-9.487399156E-03,-5.845993769E-03,-6.676435261E+00, 2.130140018E-02, 1.013183236E+05,-6.655133861E+00, 5.662474205E-03,-9.487399156E-03,-5.845993769E-03
        66,-2.561194604E-03, 1.075268272E-02,-5.836959536E-03,-1.115711819E+01, 3.197010094E-01, 1.013138429E+05,-1.083741718E+01,-2.561194604E-03, 1.075268272E-02,-5.836959536E-03
        67, 6.858540108E-03, 8.671215286E-03,-5.832705465E-03,-6.765617548E+00, 3.163845251E-02, 1.013182344E+05,-6.733979095E+00, 6.858540108E-03, 8.671215286E-03,-5.832705465E-03
        68, 1.095412356E-02, 2.247302954E-03,-5.586305258E-03,-5.299498320E+00, 8.393702386E-02, 1.013197005E+05,-5.215561296E+00, 1.095412356E-02, 2.247302954E-03,-5.586305258E-03
        69, 1.003195615E-02, 4.956683587E-03,-5.571457947E-03,-5.920785969E+00, 4.885375057E-02, 1.013190792E+05,-5.871932219E+00, 1.003195615E-02, 4.956683587E-03,-5.571457947E-03
        70,-2.348099037E-03,-1.094699874E-02,-5.558745314E-03,-1.059880550E+01, 3.072021390E-01, 1.013144012E+05,-1.029160336E+01,-2.348099037E-03,-1.094699874E-02,-5.558745314E-03
        71,-9.505043192E-03, 5.982380119E-03,-5.487739246E-03, 2.703875079E+00, 9.115855802E-01, 1.013277039E+05, 3.615460659E+00,-9.505043192E-03, 5.982380119E-03,-5.487739246E-03
        72,-1.122405317E-02,-1.058576689E-03,-5.399078231E-03, 1.057421858E+01, 5.620082860E-01, 1.013355742E+05, 1.113622686E+01,-1.122405317E-02,-1.058576689E-03,-5.399078231E-03
        73,-1.118779340E-02, 1.524783529E-03,-5.362677881E-03, 1.032166331E+01, 5.573457408E-01, 1.013353217E+05, 1.087900905E+01,-1.118779340E-02, 1.524783529E-03,-5.362677881E-03
        74,-1.041582685E-02,-4.516296059E-03,-5.231024852E-03, 6.469691027E+00, 7.268704040E-01, 1.013314697E+05, 7.196561431E+00,-1.041582685E-02,-4.516296059E-03,-5.231024852E-03
        75, 1.310544863E-04, 1.135989747E-02,-5.213976802E-03,-9.141425994E+00, 3.318054027E-02, 1.013158586E+05,-9.108245454E+00, 1.310544863E-04, 1.135989747E-02,-5.213976802E-03
        76, 1.074225353E-02,-4.034223696E-03,-4.957724098E-03,-5.203876618E+00, 7.519785408E-02, 1.013197961E+05,-5.128678764E+00, 1.074225353E-02,-4.034223696E-03,-4.957724098E-03
        77,-6.611383698E-03,-9.476069359E-03,-4.769037124E-03,-6.897416300E+00, 9.880320088E-01, 1.013181026E+05,-5.909384291E+00,-6.611383698E-03,-9.476069359E-03,-4.769037124E-03
        78, 8.340274575E-04,-1.156698288E-02,-4.664687049E-03,-8.192945954E+00, 1.824833183E-02, 1.013168071E+05,-8.174697622E+00, 8.340274575E-04,-1.156698288E-02,-4.664687049E-03
        79, 3.540747870E-03, 1.106437918E-02,-4.614392463E-03,-7.084808947E+00, 9.120269103E-03, 1.013179152E+05,-7.075688678E+00, 3.540747870E-03, 1.106437918E-02,-4.614392463E-03
        80,-4.393175270E-03, 1.086653110E-02,-4.343790143E-03,-1.081984586E+01, 7.220672224E-01, 1.013141802E+05,-1.009777863E+01,-4.393175270E-03, 1.086653110E-02,-4.343790143E-03
        81,-6.613010243E-03, 9.756283942E-03,-4.163294268E-03,-6.914507168E+00, 1.133233565E+00, 1.013180855E+05,-5.781273603E+00,-6.613010243E-03, 9.756283942E-03,-4.163294268E-03
        82,-4.346693912E-03,-1.098582595E-02,-4.082631528E-03,-1.054436576E+01, 7.516628303E-01, 1.013144556E+05,-9.792702932E+00,-4.346693912E-03,-1.098582595E-02,-4.082631528E-03
        83,-1.123747474E-02, 3.752921074E-03,-3.985567081E-03, 1.043393293E+01, 4.843362933E-01, 1.013354339E+05, 1.091826922E+01,-1.123747474E-02, 3.752921074E-03,-3.985567081E-03
        84, 8.329717546E-03, 8.491162511E-03,-3.842650753E-03,-6.225680899E+00, 3.263394636E-02, 1.013187743E+05,-6.193046953E+00, 8.329717546E-03, 8.491162511E-03,-3.842650753E-03
        85,-9.084865821E-03,-7.717155066E-03,-3.763074635E-03, 1.098535560E+00, 9.814030412E-01, 1.013260985E+05, 2.079938601E+00,-9.084865821E-03,-7.717155066E-03,-3.763074635E-03
        86,-8.759196471E-03, 8.085245457E-03,-3.762350741E-03,-3.370326249E-02, 1.059805948E+00, 1.013249663E+05, 1.026102686E+00,-8.759196471E-03, 8.085245457E-03,-3.762350741E-03
        87, 1.196832077E-02, 4.176218632E-05,-3.606598657E-03,-3.662264940E+00, 8.091184833E-02, 1.013213377E+05,-3.581353092E+00, 1.196832077E-02, 4.176218632E-05,-3.606598657E-03
        88, 6.453419808E-03, 1.012865631E-02,-3.466077621E-03,-6.711726916E+00, 2.119416652E-02, 1.013182883E+05,-6.690532749E+00, 6.453419808E-03, 1.012865631E-02,-3.466077621E-03
        89, 9.993348938E-03, 6.698908901E-03,-3.392284857E-03,-5.951832992E+00, 4.004700718E-02, 1.013190482E+05,-5.911785985E+00, 9.993348938E-03, 6.698908901E-03,-3.392284857E-03
        90,-1.203579014E-02, 7.856074282E-04,-3.282160369E-03, 1.438602580E+01, 2.421556738E-01, 1.013393860E+05, 1.462818147E+01,-1.203579014E-02, 7.856074282E-04,-3.282160369E-03
        91, 4.007527342E-03,-1.141024528E-02,-3.161649434E-03,-6.917618126E+00, 1.403075761E-02, 1.013180824E+05,-6.903587369E+00, 4.007527342E-03,-1.141024528E-02,-3.161649434E-03
        92, 1.123216578E-02, 4.515416758E-03,-3.114396150E-03,-5.184307073E+00, 9.124999548E-02, 1.013198157E+05,-5.093057077E+00, 1.123216578E-02, 4.515416758E-03,-3.114396150E-03
        93, 7.743325799E-03,-9.335915332E-03,-3.021852160E-03,-6.107435912E+00, 3.210980068E-02, 1.013188926E+05,-6.075326111E+00, 7.743325799E-03,-9.335915332E-03,-3.021852160E-03
        94, 1.013294452E-02,-6.683268160E-03,-2.984520393E-03,-5.418825864E+00, 5.830414907E-02, 1.013195812E+05,-5.360521715E+00, 1.013294452E-02,-6.683268160E-03,-2.984520393E-03
        95, 1.196387966E-02,-2.085213355E-03,-2.960991191E-03,-3.565372008E+00, 8.030738472E-02, 1.013214346E+05,-3.485064623E+00, 1.196387966E-02,-2.085213355E-03,-2.960991191E-03
        96,-2.076290572E-03, 1.199053065E-02,-2.857655029E-03,-1.084799175E+01, 2.298599746E-01, 1.013141520E+05,-1.061813178E+01,-2.076290572E-03, 1.199053065E-02,-2.857655029E-03
        97, 1.203989003E-02, 2.124166625E-03,-2.603644399E-03,-3.635427780E+00, 7.825611318E-02, 1.013213646E+05,-3.557171667E+00, 1.203989003E-02, 2.124166625E-03,-2.603644399E-03
        98,-1.815238482E-03,-1.209533124E-02,-2.580285139E-03,-1.033792640E+01, 2.726732481E-01, 1.013146621E+05,-1.006525315E+01,-1.815238482E-03,-1.209533124E-02,-2.580285139E-03
        99, 1.485641415E-03, 1.214172469E-02,-2.573206413E-03,-8.090917467E+00, 1.244401847E-02, 1.013169091E+05,-8.078473449E+00, 1.485641415E-03, 1.214172469E-02,-2.573206413E-03
       100,-1.202680453E-02,-2.315025557E-03,-2.499325821E-03, 1.445119626E+01, 2.189034545E-01, 1.013394512E+05, 1.467009972E+01,-1.202680453E-02,-2.315025557E-03,-2.499325821E-03
       101, 4.985037251E-03, 1.119621146E-02,-2.458506155E-03,-6.855223410E+00, 8.619867086E-03, 1.013181448E+05,-6.846603543E+00, 4.985037251E-03, 1.119621146E-02,-2.458506155E-03
       102,-7.693212790E-03,-9.575852244E-03,-2.316793207E-03,-3.678515712E+00, 1.098952229E+00, 1.013213215E+05,-2.579563484E+00,-7.693212790E-03,-9.575852244E-03,-2.316793207E-03
       103, 1.151134085E-02,-4.298178776E-03,-2.294491480E-03,-4.303326733E+00, 1.073334701E-01, 1.013206967E+05,-4.195993263E+00, 1.151134085E-02,-4.298178776E-03,-2.294491480E-03
       104, 1.408328542E-03,-1.221811365E-02,-2.232556731E-03,-8.045539613E+00, 1.594262998E-02, 1.013169545E+05,-8.029596983E+00, 1.408328542E-03,-1.221811365E-02,-2.232556731E-03
       105,-1.063585282E-02, 6.248194718E-03,-2.022052790E-03, 7.475837443E+00, 6.248376149E-01, 1.013324758E+05, 8.100675057E+00,-1.063585282E-02, 6.248194718E-03,-2.022052790E-03
       106,-5.311723378E-03,-1.119065266E-02,-1.674779948E-03,-9.017883321E+00, 7.970142252E-01, 1.013159821E+05,-8.220869096E+00,-5.311723378E-03,-1.119065266E-02,-1.674779948E-03
       107,-5.551923974E-03, 1.108111464E-02,-1.623280141E-03,-9.410290729E+00, 8.107100493E-01, 1.013155897E+05,-8.599580679E+00,-5.551923974E-03, 1.108111464E-02,-1.623280141E-03
       108,-9.181900838E-03,-8.381433283E-03,-1.301642466E-03, 1.506559445E+00, 1.017841857E+00, 1.013265066E+05, 2.524401302E+00,-9.181900838E-03,-8.381433283E-03,-1.301642466E-03
       109,-1.097195204E-02,-5.871195089E-03,-1.181243728E-03, 8.972587647E+00, 5.445907794E-01, 1.013339726E+05, 9.517178427E+00,-1.097195204E-02,-5.871195089E-03,-1.181243728E-03
       110,-1.203443347E-02, 3.168454848E-03,-1.176139830E-03, 1.423844511E+01, 2.268220910E-01, 1.013392384E+05, 1.446526721E+01,-1.203443347E-02, 3.168454848E-03,-1.176139830E-03
       111,-8.189908799E-03, 9.400191154E-03,-9.009995142E-04,-1.954447950E+00, 9.645988209E-01, 1.013230456E+05,-9.898491295E-01,-8.189908799E-03, 9.400191154E-03,-9.009995142E-04
       112, 1.249456323E-02,-1.101151245E-04,-3.518014805E-04,-2.388829159E+00, 2.180953170E-02, 1.013226112E+05,-2.367019628E+00, 1.249456323E-02,-1.101151245E-04,-3.518014805E-04
       113, 8.746971416E-03, 8.923530978E-03,-3.332955676E-04,-6.132945325E+00, 2.548549663E-02, 1.013188671E+05,-6.107459828E+00, 8.746971416E-03, 8.923530978E-03,-3.332955676E-04
       114,-2.795284187E-03, 1.218108985E-02,-2.396589742E-04,-1.150714837E+01, 4.236093736E-01, 1.013134929E+05,-1.108353900E+01,-2.795284187E-03, 1.218108985E-02,-2.396589742E-04
       115,-2.780978863E-03,-1.218472589E-02,-2.204801324E-04,-1.052722405E+01, 3.683994403E-01, 1.013144728E+05,-1.015882461E+01,-2.780978863E-03,-1.218472589E-02,-2.204801324E-04
       116, 6.327305068E-03,-1.077818380E-02,-2.143936199E-04,-6.403940995E+00, 2.686725862E-02, 1.013185961E+05,-6.377073736E+00, 6.327305068E-03,-1.077818380E-02,-2.143936199E-04
       117,-1.249857041E-02, 1.132387730E-04,-1.513758366E-04, 1.695527476E+01, 2.950310486E-02, 1.013419553E+05, 1.698477786E+01,-1.249857041E-02, 1.132387730E-04,-1.513758366E-04
       118, 6.303828656E-03, 1.079402186E-02,-2.891977471E-05,-6.566152859E+00, 1.890475021E-02, 1.013184338E+05,-6.547248109E+00, 6.303828656E-03, 1.079402186E-02,-2.891977471E-05
       119, 7.654042495E-19,-1.250000000E-02,-9.373498642E-35,-8.949011580E+00, 6.859104943E-02, 1.013160510E+05,-8.880420531E+00, 7.654042495E-19,-1.250000000E-02,-9.373498642E-35
       120, 1.205985288E-02,-3.287848628E-03,-1.476906022E-18,-3.150460083E+00, 7.569788360E-02, 1.013218495E+05,-3.074762199E+00, 1.205985288E-02,-3.287848628E-03,-1.476906022E-18
       121, 1.205985288E-02, 3.287848628E-03,-1.476906022E-18,-3.784937604E+00, 7.910115568E-02, 1.013212151E+05,-3.705836449E+00, 1.205985288E-02, 3.287848628E-03,-1.476906022E-18
       122, 1.077040822E-02, 6.344155317E-03,-1.318994596E-18,-5.599020592E+00, 6.898816721E-02, 1.013194010E+05,-5.530032424E+00, 1.077040822E-02, 6.344155317E-03,-1.318994596E-18
       123, 7.654042495E-19, 1.250000000E-02,-9.373498642E-35,-9.658832916E+00, 7.911760829E-02, 1.013153412E+05,-9.579715307E+00, 7.654042495E-19, 1.250000000E-02,-9.373498642E-35
       124, 1.111060953E-02,-5.725953766E-03, 1.334515934E-04,-4.773588721E+00, 9.300877083E-02, 1.013202264E+05,-4.680579950E+00, 1.111060953E-02,-5.725953766E-03, 1.334515934E-04
       125,-7.424860184E-03,-1.005428816E-02, 1.809442041E-04,-4.528689514E+00, 1.001368540E+00, 1.013204713E+05,-3.527320974E+00,-7.424860184E-03,-1.005428816E-02, 1.809442041E-04
       126, 3.297426288E-03, 1.205388419E-02, 2.843517531E-04,-7.172827340E+00, 1.277436810E-02, 1.013178272E+05,-7.160052972E+00, 3.297426288E-03, 1.205388419E-02, 2.843517531E-04
       127, 3.154516801E-03,-1.209105718E-02, 3.245920605E-04,-6.947039491E+00, 1.314932983E-02, 1.013180530E+05,-6.933890161E+00, 3.154516801E-03,-1.209105718E-02, 3.245920605E-04
       128, 9.152703150E-03,-8.496031161E-03, 5.435803165E-04,-5.712810193E+00, 3.456171558E-02, 1.013192872E+05,-5.678248478E+00, 9.152703150E-03,-8.496031161E-03, 5.435803165E-04
       129,-1.139221312E-02, 5.112250796E-03, 5.765172330E-04, 1.119795382E+01, 5.096643571E-01, 1.013361980E+05, 1.170761818E+01,-1.139221312E-02, 5.112250796E-03, 5.765172330E-04
       130,-9.511521948E-03,-8.045740669E-03, 1.023233757E-03, 2.478143981E+00, 9.068168517E-01, 1.013274781E+05, 3.384960833E+00,-9.511521948E-03,-8.045740669E-03, 1.023233757E-03
       131,-9.969829327E-03, 7.465377520E-03, 1.058603647E-03, 4.771617650E+00, 8.746509246E-01, 1.013297716E+05, 5.646268575E+00,-9.969829327E-03, 7.465377520E-03, 1.058603647E-03
       132,-4.373430098E-03, 1.166057437E-02, 1.074297185E-03,-1.079055155E+01, 8.667336082E-01, 1.013142094E+05,-9.923817945E+00,-4.373430098E-03, 1.166057437E-02, 1.074297185E-03
       133,-4.700374112E-03,-1.152836211E-02, 1.119531226E-03,-9.755378730E+00, 6.833980812E-01, 1.013152446E+05,-9.071980649E+00,-4.700374112E-03,-1.152836211E-02, 1.119531226E-03
       134,-1.202484105E-02,-3.124087458E-03, 1.375963393E-03, 1.454761481E+01, 2.298451778E-01, 1.013395476E+05, 1.477745999E+01,-1.202484105E-02,-3.124087458E-03, 1.375963393E-03
       135,-6.318266798E-03, 1.065145567E-02, 1.695876414E-03,-7.543600168E+00, 1.090014192E+00, 1.013174564E+05,-6.453585976E+00,-6.318266798E-03, 1.065145567E-02, 1.695876414E-03
       136,-1.205187258E-02, 2.749816085E-03, 1.854960606E-03, 1.453712168E+01, 2.363896335E-01, 1.013395371E+05, 1.477351131E+01,-1.205187258E-02, 2.749816085E-03, 1.854960606E-03
       137,-1.989681538E-03, 1.216842010E-02, 2.054439036E-03,-1.141498956E+01, 3.087918521E-01, 1.013135850E+05,-1.110619771E+01,-1.989681538E-03, 1.216842010E-02, 2.054439036E-03
       138,-8.131365561E-03, 9.231425717E-03, 2.216229532E-03,-2.371269825E+00, 1.210202743E+00, 1.013226287E+05,-1.161067082E+00,-8.131365561E-03, 9.231425717E-03, 2.216229532E-03
       139, 1.317375173E-03,-1.220249195E-02, 2.369327497E-03,-7.408263353E+00, 1.434017747E-02, 1.013175917E+05,-7.393923175E+00, 1.317375173E-03,-1.220249195E-02, 2.369327497E-03
       140, 1.215037662E-02,-1.654253328E-03, 2.425240993E-03,-3.027637248E+00, 6.476904968E-02, 1.013219724E+05,-2.962868199E+00, 1.215037662E-02,-1.654253328E-03, 2.425240993E-03
       141,-6.228471811E-03,-1.054588999E-02, 2.498067878E-03,-7.685951820E+00, 1.065945450E+00, 1.013173140E+05,-6.620006371E+00,-6.228471811E-03,-1.054588999E-02, 2.498067878E-03
       142,-7.894796224E-03,-9.361426683E-03, 2.507166339E-03,-3.195549351E+00, 1.174567622E+00, 1.013218045E+05,-2.020981729E+00,-7.894796224E-03,-9.361426683E-03, 2.507166339E-03
       143,-1.485641415E-03,-1.214172469E-02, 2.573206413E-03,-9.559865519E+00, 1.540141936E-01, 1.013154401E+05,-9.405851325E+00,-1.485641415E-03,-1.214172469E-02, 2.573206413E-03
       144,-1.076614704E-02,-5.781819836E-03, 2.628809095E-03, 8.163561460E+00, 6.846048708E-01, 1.013331636E+05, 8.848166331E+00,-1.076614704E-02,-5.781819836E-03, 2.628809095E-03
       145, 1.099098341E-03, 1.215086079E-02, 2.720030334E-03,-8.699797283E+00, 2.031890178E-02, 1.013163002E+05,-8.679478381E+00, 1.099098341E-03, 1.215086079E-02, 2.720030334E-03
       146, 5.215530337E-03,-1.099003209E-02, 2.875315286E-03,-6.449681250E+00, 1.687071421E-02, 1.013185503E+05,-6.432810536E+00, 5.215530337E-03,-1.099003209E-02, 2.875315286E-03
       147, 1.136429050E-02,-4.296703957E-03, 2.939598027E-03,-4.477362886E+00, 1.066743601E-01, 1.013205226E+05,-4.370688526E+00, 1.136429050E-02,-4.296703957E-03, 2.939598027E-03
       148, 7.263228899E-03,-9.728467170E-03, 2.975303763E-03,-6.099988821E+00, 3.327031707E-02, 1.013189000E+05,-6.066718504E+00, 7.263228899E-03,-9.728467170E-03, 2.975303763E-03
       149, 6.970875669E-03, 9.912926273E-03, 3.064438793E-03,-6.487250706E+00, 2.273144039E-02, 1.013185127E+05,-6.464519265E+00, 6.970875669E-03, 9.912926273E-03, 3.064438793E-03
       150,-1.207407283E-02, 0.000000000E+00, 3.235238064E-03, 1.472620256E+01, 2.373855697E-01, 1.013397262E+05, 1.496358813E+01,-1.207407283E-02, 0.000000000E+00, 3.235238064E-03
       151, 1.027192089E-02,-6.344155317E-03, 3.238724216E-03,-5.515586252E+00, 6.334580709E-02, 1.013194844E+05,-5.452240445E+00, 1.027192089E-02,-6.344155317E-03, 3.238724216E-03
       152, 3.037724194E-03,-1.167066311E-02, 3.289050652E-03,-6.627735762E+00, 1.283881800E-02, 1.013183723E+05,-6.614896944E+00, 3.037724194E-03,-1.167066311E-02, 3.289050652E-03
       153, 1.197815249E-02, 1.245551124E-03, 3.349994838E-03,-3.743459573E+00, 7.944710534E-02, 1.013212565E+05,-3.664012468E+00, 1.197815249E-02, 1.245551124E-03, 3.349994838E-03
       154,-1.076761872E-02, 5.364908725E-03, 3.395017143E-03, 8.403270057E+00, 6.408658985E-01, 1.013334033E+05, 9.044135955E+00,-1.076761872E-02, 5.364908725E-03, 3.395017143E-03
       155, 9.346875867E-03, 7.567432469E-03, 3.408794121E-03,-5.983902359E+00, 2.928004804E-02, 1.013190161E+05,-5.954622311E+00, 9.346875867E-03, 7.567432469E-03, 3.408794121E-03
       156, 1.098392372E-02, 4.858965103E-03, 3.463217846E-03,-5.349601314E+00, 7.601373745E-02, 1.013196504E+05,-5.273587577E+00, 1.098392372E-02, 4.858965103E-03, 3.463217846E-03
       157,-4.030113364E-03,-1.122258663E-02, 3.749898069E-03,-1.023177727E+01, 5.755164376E-01, 1.013147682E+05,-9.656260834E+00,-4.030113364E-03,-1.122258663E-02, 3.749898069E-03
       158, 8.725555411E-03,-8.089566059E-03, 3.830614015E-03,-5.727438243E+00, 2.233303364E-02, 1.013192726E+05,-5.705105209E+00, 8.725555411E-03,-8.089566059E-03, 3.830614015E-03
       159, 4.155302743E-03, 1.112820023E-02, 3.891865724E-03,-6.942793922E+00, 1.315882519E-02, 1.013180572E+05,-6.929635096E+00, 4.155302743E-03, 1.112820023E-02, 3.891865724E-03
       160,-3.933517091E-03, 1.117712076E-02, 3.981132367E-03,-1.129404257E+01, 5.835863535E-01, 1.013137060E+05,-1.071045622E+01,-3.933517091E-03, 1.117712076E-02, 3.981132367E-03
       161,-8.881235198E-03,-7.787548503E-03, 4.089957171E-03, 3.634722032E-01, 1.037857984E+00, 1.013253635E+05, 1.401330187E+00,-8.881235198E-03,-7.787548503E-03, 4.089957171E-03
       162,-9.000100038E-03, 7.578356035E-03, 4.220985561E-03, 5.596059634E-01, 1.019228024E+00, 1.013255596E+05, 1.578833988E+00,-9.000100038E-03, 7.578356035E-03, 4.220985561E-03
       163,-1.459892273E-03, 1.166755124E-02, 4.241103930E-03,-1.107498794E+01, 1.491673147E-01, 1.013139250E+05,-1.092582062E+01,-1.459892273E-03, 1.166755124E-02, 4.241103930E-03
       164, 5.885038341E-03,-9.970905881E-03, 4.711407396E-03,-6.409040459E+00, 2.106511426E-02, 1.013185910E+05,-6.387975345E+00, 5.885038341E-03,-9.970905881E-03, 4.711407396E-03
       165,-1.117766766E-02,-2.986001684E-03, 4.732181271E-03, 1.032005829E+01, 5.737431450E-01, 1.013353201E+05, 1.089380144E+01,-1.117766766E-02,-2.986001684E-03, 4.732181271E-03
       166, 1.132973216E-03,-1.149271581E-02, 4.783707240E-03,-7.472170717E+00, 1.017479948E-02, 1.013175278E+05,-7.461995918E+00, 1.132973216E-03,-1.149271581E-02, 4.783707240E-03
       167,-6.263398239E-03, 9.691310043E-03, 4.806074506E-03,-7.288342805E+00, 9.722383941E-01, 1.013177117E+05,-6.316104411E+00,-6.263398239E-03, 9.691310043E-03, 4.806074506E-03
       168,-1.605920323E-03,-1.139281034E-02, 4.886194066E-03,-9.794976090E+00, 1.646153906E-01, 1.013152050E+05,-9.630360699E+00,-1.605920323E-03,-1.139281034E-02, 4.886194066E-03
       169,-1.116111585E-02, 2.749816085E-03, 4.911008509E-03, 1.020727266E+01, 5.662550488E-01, 1.013352073E+05, 1.077352771E+01,-1.116111585E-02, 2.749816085E-03, 4.911008509E-03
       170, 3.883123784E-03,-1.073960344E-02, 5.082545398E-03,-6.480205194E+00, 7.877558779E-03, 1.013185198E+05,-6.472327636E+00, 3.883123784E-03,-1.073960344E-02, 5.082545398E-03
       171,-6.324891867E-03,-9.488448138E-03, 5.120067853E-03,-7.124077413E+00, 8.892472308E-01, 1.013178759E+05,-6.234830182E+00,-6.324891867E-03,-9.488448138E-03, 5.120067853E-03
       172, 1.031973070E-02,-4.554443585E-03, 5.386111956E-03,-5.534636724E+00, 7.107002447E-02, 1.013194654E+05,-5.463566699E+00, 1.031973070E-02,-4.554443585E-03, 5.386111956E-03
       173,-9.883005063E-03,-5.355336077E-03, 5.467777102E-03, 4.409594230E+00, 9.511682910E-01, 1.013294096E+05, 5.360762521E+00,-9.883005063E-03,-5.355336077E-03, 5.467777102E-03
       174, 7.537007694E-03, 8.337181439E-03, 5.471281447E-03,-6.229871084E+00, 2.601334725E-02, 1.013187701E+05,-6.203857737E+00, 7.537007694E-03, 8.337181439E-03, 5.471281447E-03
       175, 1.113492110E-02,-1.336125976E-03, 5.520715481E-03,-4.936464815E+00, 8.367948305E-02, 1.013200635E+05,-4.852785332E+00, 1.113492110E-02,-1.336125976E-03, 5.520715481E-03
       176, 7.330898126E-04, 1.118137281E-02, 5.539808784E-03,-8.899707225E+00, 2.951835901E-02, 1.013161003E+05,-8.870188866E+00, 7.330898126E-04, 1.118137281E-02, 5.539808784E-03
       177, 7.147977666E-03,-8.627404468E-03, 5.542951149E-03,-6.155734698E+00, 3.323445988E-02, 1.013188443E+05,-6.122500239E+00, 7.147977666E-03,-8.627404468E-03, 5.542951149E-03
       178, 5.658147795E-03, 9.603162347E-03, 5.658147795E-03,-6.622884458E+00, 1.636004683E-02, 1.013183771E+05,-6.606524411E+00, 5.658147795E-03, 9.603162347E-03, 5.658147795E-03
       179,-1.965180668E-03, 1.083325066E-02, 5.918508682E-03,-1.130854227E+01, 2.306993801E-01, 1.013136915E+05,-1.107784289E+01,-1.965180668E-03, 1.083325066E-02, 5.918508682E-03
       180,-9.522025917E-03, 5.364908725E-03, 6.066199535E-03, 2.701766088E+00, 9.757308111E-01, 1.013277018E+05, 3.677496899E+00,-9.522025917E-03, 5.364908725E-03, 6.066199535E-03
       181,-2.938389585E-03,-1.046340552E-02, 6.175193245E-03,-1.042824205E+01, 3.624080762E-01, 1.013145718E+05,-1.006583398E+01,-2.938389585E-03,-1.046340552E-02, 6.175193245E-03
       182, 8.965933817E-03, 6.070753164E-03, 6.245637422E-03,-5.990422394E+00, 2.196099635E-02, 1.013190096E+05,-5.968461397E+00, 8.965933817E-03, 6.070753164E-03, 6.245637422E-03
       183, 8.630331204E-03,-6.473854646E-03, 6.313207532E-03,-5.846397977E+00, 3.401457528E-02, 1.013191536E+05,-5.812383402E+00, 8.630331204E-03,-6.473854646E-03, 6.313207532E-03
       184, 1.047418907E-02, 2.478704389E-03, 6.355893953E-03,-5.628353238E+00, 6.246179411E-02, 1.013193716E+05,-5.565891443E+00, 1.047418907E-02, 2.478704389E-03, 6.355893953E-03
       185,-7.807093501E-03, 7.189827092E-03, 6.603459506E-03,-3.582415625E+00, 1.083694899E+00, 1.013214176E+05,-2.498720725E+00,-7.807093501E-03, 7.189827092E-03, 6.603459506E-03
       186, 4.974657727E-03,-9.296699745E-03, 6.713728796E-03,-6.467950087E+00, 9.380865842E-03, 1.013185320E+05,-6.458569221E+00, 4.974657727E-03,-9.296699745E-03, 6.713728796E-03
       187,-1.054127161E-02,-3.438956860E-05, 6.717917099E-03, 7.320455899E+00, 7.379364140E-01, 1.013323205E+05, 8.058392313E+00,-1.054127161E-02,-3.438956860E-05, 6.717917099E-03
       188,-8.092957699E-03,-6.619871849E-03, 6.850644669E-03,-2.296252259E+00, 1.112204533E+00, 1.013227037E+05,-1.184047726E+00,-8.092957699E-03,-6.619871849E-03, 6.850644669E-03
       189,-3.721602143E-03, 9.691310043E-03, 6.962627891E-03,-1.103065197E+01, 6.062966620E-01, 1.013139693E+05,-1.042435530E+01,-3.721602143E-03, 9.691310043E-03, 6.962627891E-03
       190,-8.704431758E-05,-1.036977571E-02, 6.979267515E-03,-8.640274939E+00, 3.983589300E-02, 1.013163597E+05,-8.600439046E+00,-8.704431758E-05,-1.036977571E-02, 6.979267515E-03
       191, 2.692069287E-03,-9.862204586E-03, 7.193030214E-03,-6.760061631E+00, 9.531054483E-03, 1.013182399E+05,-6.750530576E+00, 2.692069287E-03,-9.862204586E-03, 7.193030214E-03
       192, 3.157383338E-03, 9.675646456E-03, 7.256913677E-03,-7.231297017E+00, 1.102035566E-02, 1.013177687E+05,-7.220276661E+00, 3.157383338E-03, 9.675646456E-03, 7.256913677E-03
       193,-3.900953388E-03,-9.043178146E-03, 7.697628965E-03,-1.046627166E+01, 6.776736087E-01, 1.013145337E+05,-9.788598053E+00,-3.900953388E-03,-9.043178146E-03, 7.697628965E-03
       194,-6.469590046E-04, 9.809982995E-03, 7.719823682E-03,-1.021145521E+01, 1.198198111E-01, 1.013147885E+05,-1.009163540E+01,-6.469590046E-04, 9.809982995E-03, 7.719823682E-03
       195,-9.273013380E-03,-3.101274738E-03, 7.787381963E-03, 1.853677694E+00, 8.985225354E-01, 1.013268537E+05, 2.752200229E+00,-9.273013380E-03,-3.101274738E-03, 7.787381963E-03
       196, 5.986187273E-03, 7.717155066E-03, 7.801351141E-03,-6.419648849E+00, 1.692526977E-02, 1.013185804E+05,-6.402723579E+00, 5.986187273E-03, 7.717155066E-03, 7.801351141E-03
       197, 9.248482854E-03,-2.989287033E-03, 7.860008139E-03,-5.835427052E+00, 3.470894077E-02, 1.013191646E+05,-5.800718111E+00, 9.248482854E-03,-2.989287033E-03, 7.860008139E-03
       198,-9.277882563E-03, 2.793657701E-03, 7.897238239E-03, 1.947667700E+00, 1.005662026E+00, 1.013269477E+05, 2.953329726E+00,-9.277882563E-03, 2.793657701E-03, 7.897238239E-03
       199, 6.167434594E-03,-7.461092936E-03, 7.908529746E-03,-6.538938548E+00, 2.732752538E-02, 1.013184611E+05,-6.511611023E+00, 6.167434594E-03,-7.461092936E-03, 7.908529746E-03
       200,-5.627124549E-03, 7.701058862E-03, 8.079552074E-03,-8.589408036E+00, 9.488883085E-01, 1.013164106E+05,-7.640519727E+00,-5.627124549E-03, 7.701058862E-03, 8.079552074E-03
       201,-5.697716249E-03,-7.504095314E-03, 8.214291391E-03,-8.443971134E+00, 1.033206120E+00, 1.013165560E+05,-7.410765014E+00,-5.697716249E-03,-7.504095314E-03, 8.214291391E-03
       202,-7.458051524E-03, 5.304148531E-03, 8.514310061E-03,-4.295845776E+00, 1.087725104E+00, 1.013207042E+05,-3.208120672E+00,-7.458051524E-03, 5.304148531E-03, 8.514310061E-03
       203,-1.475786197E-03,-9.005425781E-03, 8.542503240E-03,-1.001685656E+01, 1.877387061E-01, 1.013149831E+05,-9.829117854E+00,-1.475786197E-03,-9.005425781E-03, 8.542503240E-03
       204, 7.891756851E-03, 4.305910786E-03, 8.685004669E-03,-6.152816609E+00, 2.213153265E-02, 1.013188472E+05,-6.130685076E+00, 7.891756851E-03, 4.305910786E-03, 8.685004669E-03
       205, 3.750257526E-03,-7.936492043E-03, 8.899306857E-03,-6.659113199E+00, 7.194790920E-03, 1.013183409E+05,-6.651918408E+00, 3.750257526E-03,-7.936492043E-03, 8.899306857E-03
       206, 8.766000599E-03, 3.638631292E-04, 8.903641790E-03,-5.890985874E+00, 3.144695105E-02, 1.013191090E+05,-5.859538923E+00, 8.766000599E-03, 3.638631292E-04, 8.903641790E-03
       207,-7.034580265E-03,-5.212812693E-03, 8.921393631E-03,-5.323299194E+00, 1.193977964E+00, 1.013196767E+05,-4.129321230E+00,-7.034580265E-03,-5.212812693E-03, 8.921393631E-03
       208, 1.177230712E-03,-8.520883932E-03, 9.069656271E-03,-7.658989947E+00, 8.532025653E-03, 1.013173410E+05,-7.650457921E+00, 1.177230712E-03,-8.520883932E-03, 9.069656271E-03
       209,-8.575014438E-03, 1.128869078E-05, 9.094998623E-03,-9.538909249E-01, 1.001811110E+00, 1.013240461E+05, 4.792018554E-02,-8.575014438E-03, 1.128869078E-05, 9.094998623E-03
       210, 6.840032718E-03,-5.003200473E-03, 9.188685294E-03,-6.477984976E+00, 2.973971215E-02, 1.013185220E+05,-6.448245263E+00, 6.840032718E-03,-5.003200473E-03, 9.188685294E-03
       211, 3.363216741E-03, 7.717155066E-03, 9.240362052E-03,-6.885103738E+00, 1.380425406E-02, 1.013181149E+05,-6.871299484E+00, 3.363216741E-03, 7.717155066E-03, 9.240362052E-03
       212, 6.991606917E-04, 8.119309599E-03, 9.478290245E-03,-8.505622271E+00, 2.120059686E-02, 1.013164944E+05,-8.484421674E+00, 6.991606917E-04, 8.119309599E-03, 9.478290245E-03
       213,-2.545068068E-03, 7.717155066E-03, 9.498323337E-03,-1.075528724E+01, 3.722702754E-01, 1.013142447E+05,-1.038301696E+01,-2.545068068E-03, 7.717155066E-03, 9.498323337E-03
       214,-3.165662857E-03,-7.423049639E-03, 9.546041731E-03,-1.070731743E+01, 4.959318091E-01, 1.013142927E+05,-1.021138562E+01,-3.165662857E-03,-7.423049639E-03, 9.546041731E-03
       215, 4.844670877E-03,-6.032387935E-03, 9.817813397E-03,-6.731722456E+00, 6.888320603E-03, 1.013182683E+05,-6.724834136E+00, 4.844670877E-03,-6.032387935E-03, 9.817813397E-03
       216, 4.968233186E-03, 5.733626244E-03, 9.934394249E-03,-6.633217421E+00, 1.792154493E-02, 1.013183668E+05,-6.615295876E+00, 4.968233186E-03, 5.733626244E-03, 9.934394249E-03
       217,-6.994070542E-03, 2.749816085E-03, 9.988567903E-03,-5.451268593E+00, 1.117155755E+00, 1.013195487E+05,-4.334112838E+00,-6.994070542E-03, 2.749816085E-03, 9.988567903E-03
       218,-4.994778356E-03,-5.463601595E-03, 1.007230097E-02,-9.549766389E+00, 8.536375735E-01, 1.013154502E+05,-8.696128815E+00,-4.994778356E-03,-5.463601595E-03, 1.007230097E-02
       219,-4.771428571E-03, 5.364908725E-03, 1.023236159E-02,-9.635858215E+00, 7.943345719E-01, 1.013153641E+05,-8.841523643E+00,-4.771428571E-03, 5.364908725E-03, 1.023236159E-02
       220,-6.649754036E-03,-2.643672523E-03, 1.024898858E-02,-6.372822354E+00, 9.622337260E-01, 1.013186272E+05,-5.410588628E+00,-6.649754036E-03,-2.643672523E-03, 1.024898858E-02
       221, 6.708394581E-03,-1.738436632E-03, 1.040313800E-02,-6.440588264E+00, 2.970972787E-02, 1.013185594E+05,-6.410878536E+00, 6.708394581E-03,-1.738436632E-03, 1.040313800E-02
       222,-4.489670128E-04,-6.820345010E-03, 1.046572131E-02,-9.116833756E+00, 6.511725656E-02, 1.013158832E+05,-9.051716499E+00,-4.489670128E-04,-6.820345010E-03, 1.046572131E-02
       223, 1.908526487E-03, 6.322838206E-03, 1.061269257E-02,-7.267935339E+00, 1.411115744E-02, 1.013177321E+05,-7.253824181E+00, 1.908526487E-03, 6.322838206E-03, 1.061269257E-02
       224,-4.843340470E-04, 6.305994100E-03, 1.078192279E-02,-9.095993019E+00, 4.508410456E-02, 1.013159040E+05,-9.050908915E+00,-4.843340470E-04, 6.305994100E-03, 1.078192279E-02
       225, 5.874302497E-03, 2.215574425E-03, 1.080896850E-02,-6.653298752E+00, 2.127449461E-02, 1.013183467E+05,-6.632024257E+00, 5.874302497E-03, 2.215574425E-03, 1.080896850E-02
       226, 2.097198802E-03,-5.767855646E-03, 1.088960965E-02,-7.155084442E+00, 6.797467327E-03, 1.013178449E+05,-7.148286974E+00, 2.097198802E-03,-5.767855646E-03, 1.088960965E-02
       227,-2.357371492E-03, 5.626354346E-03, 1.091040496E-02,-1.069161637E+01, 2.850492497E-01, 1.013143084E+05,-1.040656712E+01,-2.357371492E-03, 5.626354346E-03, 1.091040496E-02
       228,-2.491044931E-03,-5.515659751E-03, 1.093719309E-02,-1.054975382E+01, 3.770563032E-01, 1.013144502E+05,-1.017269751E+01,-2.491044931E-03,-5.515659751E-03, 1.093719309E-02
       229,-5.566049333E-03, 4.199539309E-04, 1.118448629E-02,-8.924289136E+00, 8.548174405E-01, 1.013160757E+05,-8.069471695E+00,-5.566049333E-03, 4.199539309E-04, 1.118448629E-02
       230,-4.814778573E-03, 2.703935294E-03, 1.121412686E-02,-9.978687463E+00, 8.714115687E-01, 1.013150213E+05,-9.107275894E+00,-4.814778573E-03, 2.703935294E-03, 1.121412686E-02
       231, 4.072219267E-03,-3.438603251E-03, 1.130676956E-02,-6.827580852E+00, 1.027285586E-02, 1.013181724E+05,-6.817307996E+00, 4.072219267E-03,-3.438603251E-03, 1.130676956E-02
       232, 3.029301326E-03, 4.145367287E-03, 1.139689710E-02,-7.018138998E+00, 1.066656148E-02, 1.013179819E+05,-7.007472436E+00, 3.029301326E-03, 4.145367287E-03, 1.139689710E-02
       233, 7.903087666E-04, 5.025545477E-03, 1.141793785E-02,-7.798008612E+00, 1.032668886E-02, 1.013172020E+05,-7.787681923E+00, 7.903087666E-04, 5.025545477E-03, 1.141793785E-02
       234,-3.491586703E-03,-3.231019862E-03, 1.155938290E-02,-1.032116882E+01, 5.511037896E-01, 1.013146788E+05,-9.770065035E+00,-3.491586703E-03,-3.231019862E-03, 1.155938290E-02
       235,-2.963786514E-03, 3.591729966E-03, 1.160023471E-02,-1.077600177E+01, 3.990514206E-01, 1.013142240E+05,-1.037695035E+01,-2.963786514E-03, 3.591729966E-03, 1.160023471E-02
       236,-4.212120715E-03,-1.241145458E-03, 1.170331564E-02,-1.039546924E+01, 6.916591976E-01, 1.013146045E+05,-9.703810039E+00,-4.212120715E-03,-1.241145458E-03, 1.170331564E-02
       237,-9.025798760E-04, 4.278991296E-03, 1.171006332E-02,-9.287289418E+00, 5.810922527E-02, 1.013157127E+05,-9.229180193E+00,-9.025798760E-04, 4.278991296E-03, 1.171006332E-02
       238,-6.671388409E-04,-4.175625519E-03, 1.176303861E-02,-9.175134874E+00, 7.640591993E-02, 1.013158249E+05,-9.098728954E+00,-6.671388409E-04,-4.175625519E-03, 1.176303861E-02
       239, 4.017993316E-03, 0.000000000E+00, 1.183662662E-02,-6.863286766E+00, 8.863547231E-03, 1.013181367E+05,-6.854423219E+00, 4.017993316E-03, 0.000000000E+00, 1.183662662E-02
       240,-3.646713904E-03, 1.645950622E-03, 1.184239521E-02,-1.097603230E+01, 4.220888925E-01, 1.013140240E+05,-1.055394341E+01,-3.646713904E-03, 1.645950622E-03, 1.184239521E-02
       241, 1.536943928E-03,-3.434714277E-03, 1.192017371E-02,-7.364993091E+00, 8.700189683E-03, 1.013176350E+05,-7.356292901E+00, 1.536943928E-03,-3.434714277E-03, 1.192017371E-02
       242, 2.995325387E-03, 2.069792411E-03, 1.195800925E-02,-7.004498532E+00, 5.349086798E-03, 1.013179955E+05,-6.999149445E+00, 2.995325387E-03, 2.069792411E-03, 1.195800925E-02
       243,-2.925209167E-03, 1.070253846E-04, 1.215243584E-02,-1.066932022E+01, 2.892209283E-01, 1.013143307E+05,-1.038009930E+01,-2.925209167E-03, 1.070253846E-04, 1.215243584E-02
       244, 6.580602073E-04, 2.702508568E-03, 1.218660758E-02,-7.822045454E+00, 5.920094670E-03, 1.013171780E+05,-7.816125359E+00, 6.580602073E-04, 2.702508568E-03, 1.218660758E-02
       245,-1.959153205E-03,-1.839660162E-03, 1.220767665E-02,-1.004619174E+01, 2.197494051E-01, 1.013149538E+05,-9.826442335E+00,-1.959153205E-03,-1.839660162E-03, 1.220767665E-02
       246,-1.700590158E-03, 2.049625963E-03, 1.221298598E-02,-9.882743231E+00, 1.235051376E-01, 1.013151173E+05,-9.759238093E+00,-1.700590158E-03, 2.049625963E-03, 1.221298598E-02
       247,-4.267474525E-05,-2.318302402E-03, 1.228306366E-02,-8.306125828E+00, 7.271808236E-03, 1.013166939E+05,-8.298854020E+00,-4.267474525E-05,-2.318302402E-03, 1.228306366E-02
       248, 1.859056456E-03,-1.211062706E-03, 1.230151357E-02,-7.177569768E+00, 8.357065583E-03, 1.013178224E+05,-7.169212702E+00, 1.859056456E-03,-1.211062706E-03, 1.230151357E-02
       249, 1.743889774E-03, 8.238271248E-04, 1.235031001E-02,-7.180973448E+00, 7.768652506E-03, 1.013178190E+05,-7.173204795E+00, 1.743889774E-03, 8.238271248E-04, 1.235031001E-02
       250,-2.892670562E-04,-1.450802330E-04, 1.249581035E-02,-8.542617680E+00, 2.672935962E-02, 1.013164574E+05,-8.515888320E+00,-2.892670562E-04,-1.450802330E-04, 1.249581035E-02
