nodenumber,    x-coordinate,    y-coordinate,    z-coordinate,        pressure
         1, 1.605233625E-04, 3.507067975E-04,-1.249404806E-02,-8.558876449E+00
         2,-8.471595252E-04,-2.206518148E-03,-1.227451011E-02,-9.595672185E+00
         3, 1.565785002E-03,-1.952262137E-03,-1.224691757E-02,-7.644060229E+00
         4, 1.401317788E-04, 2.947103372E-03,-1.214680801E-02,-8.536476243E+00
         5, 2.966675833E-03, 1.087905780E-04,-1.214236382E-02,-6.985242709E+00
         6, 1.944758017E-03, 2.270078000E-03,-1.213732516E-02,-7.310288660E+00
         7,-2.131925920E-03, 2.347198335E-03,-1.209113526E-02,-1.071518094E+01
         8,-3.370250297E-03,-3.696543358E-04,-1.203140759E-02,-1.063251753E+01
         9,-1.300254131E-03, 4.579099285E-03,-1.155816547E-02,-1.033067948E+01
        10, 1.008404179E-03,-4.730946151E-03,-1.152611251E-02,-8.305847640E+00
        11, 4.170521760E-03,-2.749816085E-03,-1.145841436E-02,-6.789654190E+00
        12, 4.170521760E-03, 2.749816085E-03,-1.145841436E-02,-6.820619791E+00
        13,-3.057831455E-03,-4.082441132E-03,-1.141198235E-02,-1.078537382E+01
        14, 1.658101707E-03, 4.852885239E-03,-1.139957032E-02,-7.649748523E+00
        15,-3.335632564E-03, 3.963290949E-03,-1.137611007E-02,-1.120666490E+01
        16,-4.798864846E-03, 2.296434045E-03,-1.131137865E-02,-9.884981429E+00
        17, 5.638188111E-03, 1.570342180E-05,-1.115619058E-02,-6.603059135E+00
        18,-5.556378670E-03,-2.454696233E-03,-1.092479393E-02,-9.079580892E+00
        19,-6.441793099E-03,-1.844202562E-04,-1.071070917E-02,-7.131048966E+00
        20,-3.509939050E-03, 5.728971367E-03,-1.054083559E-02,-1.155028187E+01
        21, 4.708801805E-03, 5.153620815E-03,-1.036905869E-02,-6.852015351E+00
        22, 4.771428571E-03,-5.364908725E-03,-1.023236159E-02,-6.760338320E+00
        23,-1.258312627E-03, 7.114531794E-03,-1.020049443E-02,-1.033202599E+01
        24, 6.761481503E-03,-2.783466211E-03,-1.013827814E-02,-6.433320602E+00
        25, 6.758810938E-03, 2.809542096E-03,-1.013286474E-02,-6.636772777E+00
        26,-1.222654032E-03,-7.232845805E-03,-1.012131704E-02,-1.008730901E+01
        27,-5.390207452E-03, 5.049868159E-03,-1.008436886E-02,-9.249487364E+00
        28,-3.916831352E-03,-6.598545425E-03,-9.867503759E-03,-1.091869651E+01
        29,-7.323192835E-03,-2.395362560E-03,-9.842920547E-03,-4.979950891E+00
        30,-6.288619737E-03,-5.056501435E-03,-9.546468197E-03,-7.370741756E+00
        31, 2.545068068E-03,-7.717155066E-03,-9.498323337E-03,-7.332726664E+00
        32, 2.545068068E-03, 7.717155066E-03,-9.498323337E-03,-7.378042667E+00
        33,-7.798850380E-03, 2.484945570E-03,-9.447379439E-03,-3.206070872E+00
        34,-4.337858305E-03, 7.301655555E-03,-9.171630797E-03,-1.040720195E+01
        35,-8.683513103E-03,-6.950722154E-04,-8.964567742E-03,-3.576474010E-01
        36, 7.126983347E-03, 5.120734450E-03,-8.901358720E-03,-6.686991240E+00
        37, 7.114969510E-03,-5.180651097E-03,-8.876264027E-03,-6.379079629E+00
        38, 8.838834765E-03, 1.138412281E-18,-8.838834765E-03,-5.998849774E+00
        39,-1.241905724E-04, 9.034224565E-03,-8.638134243E-03,-9.306965905E+00
        40,-7.398450938E-03, 5.716814169E-03,-8.296442579E-03,-4.244435667E+00
        41, 5.862169844E-03, 7.334860444E-03,-8.251350616E-03,-6.808186700E+00
        42, 5.736981052E-03,-7.497170858E-03,-8.193258054E-03,-6.621372526E+00
        43,-2.542182192E-03, 9.175028123E-03,-8.099763493E-03,-1.120490683E+01
        44,-8.783431384E-03,-3.683682966E-03,-8.095172198E-03,-6.853464225E-02
        45,-3.228062005E-03,-8.999582134E-03,-8.052151085E-03,-1.120704567E+01
        46, 9.092977739E-03,-3.362473030E-03,-7.890597630E-03,-5.882266397E+00
        47, 8.975830602E-03, 3.732297505E-03,-7.858398077E-03,-6.178220615E+00
        48,-5.685843591E-03,-7.986784279E-03,-7.754512205E-03,-9.100060951E+00
        49, 3.931495366E-04,-9.901153849E-03,-7.619880963E-03,-8.452243758E+00
        50, 3.749521111E-03,-9.235838179E-03,-7.542571483E-03,-6.937446774E+00
        51,-1.010130517E-02, 6.739455762E-04,-7.332082318E-03, 5.369475684E+00
        52, 1.656104317E-03, 1.009451481E-02,-7.183877037E-03,-7.797920919E+00
        53,-1.007633073E-02,-1.967269590E-03,-7.130736952E-03, 5.134761246E+00
        54,-6.997803996E-04, 1.025470413E-02,-7.113462628E-03,-9.928428110E+00
        55,-9.801453406E-03, 3.545474449E-03,-6.900081309E-03, 4.285494284E+00
        56,-8.140798455E-03,-6.581462287E-03,-6.830940981E-03,-2.359579691E+00
        57, 4.753287712E-03, 9.468729751E-03,-6.633205320E-03,-6.911408254E+00
        58, 8.280724873E-03, 6.744242800E-03,-6.495751276E-03,-6.334416788E+00
        59,-4.812655754E-03, 9.567599224E-03,-6.445881605E-03,-1.011409178E+01
        60,-7.159861980E-03, 7.986784279E-03,-6.418539811E-03,-5.169961157E+00
        61,-4.823206374E-03,-9.679208708E-03,-6.268939230E-03,-1.066830472E+01
        62, 8.410765379E-03,-6.816664061E-03,-6.248369133E-03,-5.923217975E+00
        63, 1.091443821E-02,-1.042346919E-03,-6.003211769E-03,-5.179404063E+00
        64, 3.039990801E-03,-1.060988967E-02,-5.868449286E-03,-7.041351087E+00
        65, 5.662474205E-03,-9.487399156E-03,-5.845993769E-03,-6.676435261E+00
        66,-2.561194604E-03, 1.075268272E-02,-5.836959536E-03,-1.115711819E+01
        67, 6.858540108E-03, 8.671215286E-03,-5.832705465E-03,-6.765617548E+00
        68, 1.095412356E-02, 2.247302954E-03,-5.586305258E-03,-5.299498320E+00
        69, 1.003195615E-02, 4.956683587E-03,-5.571457947E-03,-5.920785969E+00
        70,-2.348099037E-03,-1.094699874E-02,-5.558745314E-03,-1.059880550E+01
        71,-9.505043192E-03, 5.982380119E-03,-5.487739246E-03, 2.703875079E+00
        72,-1.122405317E-02,-1.058576689E-03,-5.399078231E-03, 1.057421858E+01
        73,-1.118779340E-02, 1.524783529E-03,-5.362677881E-03, 1.032166331E+01
        74,-1.041582685E-02,-4.516296059E-03,-5.231024852E-03, 6.469691027E+00
        75, 1.310544863E-04, 1.135989747E-02,-5.213976802E-03,-9.141425994E+00
        76, 1.074225353E-02,-4.034223696E-03,-4.957724098E-03,-5.203876618E+00
        77,-6.611383698E-03,-9.476069359E-03,-4.769037124E-03,-6.897416300E+00
        78, 8.340274575E-04,-1.156698288E-02,-4.664687049E-03,-8.192945954E+00
        79, 3.540747870E-03, 1.106437918E-02,-4.614392463E-03,-7.084808947E+00
        80,-4.393175270E-03, 1.086653110E-02,-4.343790143E-03,-1.081984586E+01
        81,-6.613010243E-03, 9.756283942E-03,-4.163294268E-03,-6.914507168E+00
        82,-4.346693912E-03,-1.098582595E-02,-4.082631528E-03,-1.054436576E+01
        83,-1.123747474E-02, 3.752921074E-03,-3.985567081E-03, 1.043393293E+01
        84, 8.329717546E-03, 8.491162511E-03,-3.842650753E-03,-6.225680899E+00
        85,-9.084865821E-03,-7.717155066E-03,-3.763074635E-03, 1.098535560E+00
        86,-8.759196471E-03, 8.085245457E-03,-3.762350741E-03,-3.370326249E-02
        87, 1.196832077E-02, 4.176218632E-05,-3.606598657E-03,-3.662264940E+00
        88, 6.453419808E-03, 1.012865631E-02,-3.466077621E-03,-6.711726916E+00
        89, 9.993348938E-03, 6.698908901E-03,-3.392284857E-03,-5.951832992E+00
        90,-1.203579014E-02, 7.856074282E-04,-3.282160369E-03, 1.438602580E+01
        91, 4.007527342E-03,-1.141024528E-02,-3.161649434E-03,-6.917618126E+00
        92, 1.123216578E-02, 4.515416758E-03,-3.114396150E-03,-5.184307073E+00
        93, 7.743325799E-03,-9.335915332E-03,-3.021852160E-03,-6.107435912E+00
        94, 1.013294452E-02,-6.683268160E-03,-2.984520393E-03,-5.418825864E+00
        95, 1.196387966E-02,-2.085213355E-03,-2.960991191E-03,-3.565372008E+00
        96,-2.076290572E-03, 1.199053065E-02,-2.857655029E-03,-1.084799175E+01
        97, 1.203989003E-02, 2.124166625E-03,-2.603644399E-03,-3.635427780E+00
        98,-1.815238482E-03,-1.209533124E-02,-2.580285139E-03,-1.033792640E+01
        99, 1.485641415E-03, 1.214172469E-02,-2.573206413E-03,-8.090917467E+00
       100,-1.202680453E-02,-2.315025557E-03,-2.499325821E-03, 1.445119626E+01
       101, 4.985037251E-03, 1.119621146E-02,-2.458506155E-03,-6.855223410E+00
       102,-7.693212790E-03,-9.575852244E-03,-2.316793207E-03,-3.678515712E+00
       103, 1.151134085E-02,-4.298178776E-03,-2.294491480E-03,-4.303326733E+00
       104, 1.408328542E-03,-1.221811365E-02,-2.232556731E-03,-8.045539613E+00
       105,-1.063585282E-02, 6.248194718E-03,-2.022052790E-03, 7.475837443E+00
       106,-5.311723378E-03,-1.119065266E-02,-1.674779948E-03,-9.017883321E+00
       107,-5.551923974E-03, 1.108111464E-02,-1.623280141E-03,-9.410290729E+00
       108,-9.181900838E-03,-8.381433283E-03,-1.301642466E-03, 1.506559445E+00
       109,-1.097195204E-02,-5.871195089E-03,-1.181243728E-03, 8.972587647E+00
       110,-1.203443347E-02, 3.168454848E-03,-1.176139830E-03, 1.423844511E+01
       111,-8.189908799E-03, 9.400191154E-03,-9.009995142E-04,-1.954447950E+00
       112, 1.249456323E-02,-1.101151245E-04,-3.518014805E-04,-2.388829159E+00
       113, 8.746971416E-03, 8.923530978E-03,-3.332955676E-04,-6.132945325E+00
       114,-2.795284187E-03, 1.218108985E-02,-2.396589742E-04,-1.150714837E+01
       115,-2.780978863E-03,-1.218472589E-02,-2.204801324E-04,-1.052722405E+01
       116, 6.327305068E-03,-1.077818380E-02,-2.143936199E-04,-6.403940995E+00
       117,-1.249857041E-02, 1.132387730E-04,-1.513758366E-04, 1.695527476E+01
       118, 6.303828656E-03, 1.079402186E-02,-2.891977471E-05,-6.566152859E+00
       119, 7.654042495E-19,-1.250000000E-02,-9.373498642E-35,-8.949011580E+00
       120, 1.205985288E-02,-3.287848628E-03,-1.476906022E-18,-3.150460083E+00
       121, 1.205985288E-02, 3.287848628E-03,-1.476906022E-18,-3.784937604E+00
       122, 1.077040822E-02, 6.344155317E-03,-1.318994596E-18,-5.599020592E+00
       123, 7.654042495E-19, 1.250000000E-02,-9.373498642E-35,-9.658832916E+00
       124, 1.111060953E-02,-5.725953766E-03, 1.334515934E-04,-4.773588721E+00
       125,-7.424860184E-03,-1.005428816E-02, 1.809442041E-04,-4.528689514E+00
       126, 3.297426288E-03, 1.205388419E-02, 2.843517531E-04,-7.172827340E+00
       127, 3.154516801E-03,-1.209105718E-02, 3.245920605E-04,-6.947039491E+00
       128, 9.152703150E-03,-8.496031161E-03, 5.435803165E-04,-5.712810193E+00
       129,-1.139221312E-02, 5.112250796E-03, 5.765172330E-04, 1.119795382E+01
       130,-9.511521948E-03,-8.045740669E-03, 1.023233757E-03, 2.478143981E+00
       131,-9.969829327E-03, 7.465377520E-03, 1.058603647E-03, 4.771617650E+00
       132,-4.373430098E-03, 1.166057437E-02, 1.074297185E-03,-1.079055155E+01
       133,-4.700374112E-03,-1.152836211E-02, 1.119531226E-03,-9.755378730E+00
       134,-1.202484105E-02,-3.124087458E-03, 1.375963393E-03, 1.454761481E+01
       135,-6.318266798E-03, 1.065145567E-02, 1.695876414E-03,-7.543600168E+00
       136,-1.205187258E-02, 2.749816085E-03, 1.854960606E-03, 1.453712168E+01
       137,-1.989681538E-03, 1.216842010E-02, 2.054439036E-03,-1.141498956E+01
       138,-8.131365561E-03, 9.231425717E-03, 2.216229532E-03,-2.371269825E+00
       139, 1.317375173E-03,-1.220249195E-02, 2.369327497E-03,-7.408263353E+00
       140, 1.215037662E-02,-1.654253328E-03, 2.425240993E-03,-3.027637248E+00
       141,-6.228471811E-03,-1.054588999E-02, 2.498067878E-03,-7.685951820E+00
       142,-7.894796224E-03,-9.361426683E-03, 2.507166339E-03,-3.195549351E+00
       143,-1.485641415E-03,-1.214172469E-02, 2.573206413E-03,-9.559865519E+00
       144,-1.076614704E-02,-5.781819836E-03, 2.628809095E-03, 8.163561460E+00
       145, 1.099098341E-03, 1.215086079E-02, 2.720030334E-03,-8.699797283E+00
       146, 5.215530337E-03,-1.099003209E-02, 2.875315286E-03,-6.449681250E+00
       147, 1.136429050E-02,-4.296703957E-03, 2.939598027E-03,-4.477362886E+00
       148, 7.263228899E-03,-9.728467170E-03, 2.975303763E-03,-6.099988821E+00
       149, 6.970875669E-03, 9.912926273E-03, 3.064438793E-03,-6.487250706E+00
       150,-1.207407283E-02, 0.000000000E+00, 3.235238064E-03, 1.472620256E+01
       151, 1.027192089E-02,-6.344155317E-03, 3.238724216E-03,-5.515586252E+00
       152, 3.037724194E-03,-1.167066311E-02, 3.289050652E-03,-6.627735762E+00
       153, 1.197815249E-02, 1.245551124E-03, 3.349994838E-03,-3.743459573E+00
       154,-1.076761872E-02, 5.364908725E-03, 3.395017143E-03, 8.403270057E+00
       155, 9.346875867E-03, 7.567432469E-03, 3.408794121E-03,-5.983902359E+00
       156, 1.098392372E-02, 4.858965103E-03, 3.463217846E-03,-5.349601314E+00
       157,-4.030113364E-03,-1.122258663E-02, 3.749898069E-03,-1.023177727E+01
       158, 8.725555411E-03,-8.089566059E-03, 3.830614015E-03,-5.727438243E+00
       159, 4.155302743E-03, 1.112820023E-02, 3.891865724E-03,-6.942793922E+00
       160,-3.933517091E-03, 1.117712076E-02, 3.981132367E-03,-1.129404257E+01
       161,-8.881235198E-03,-7.787548503E-03, 4.089957171E-03, 3.634722032E-01
       162,-9.000100038E-03, 7.578356035E-03, 4.220985561E-03, 5.596059634E-01
       163,-1.459892273E-03, 1.166755124E-02, 4.241103930E-03,-1.107498794E+01
       164, 5.885038341E-03,-9.970905881E-03, 4.711407396E-03,-6.409040459E+00
       165,-1.117766766E-02,-2.986001684E-03, 4.732181271E-03, 1.032005829E+01
       166, 1.132973216E-03,-1.149271581E-02, 4.783707240E-03,-7.472170717E+00
       167,-6.263398239E-03, 9.691310043E-03, 4.806074506E-03,-7.288342805E+00
       168,-1.605920323E-03,-1.139281034E-02, 4.886194066E-03,-9.794976090E+00
       169,-1.116111585E-02, 2.749816085E-03, 4.911008509E-03, 1.020727266E+01
       170, 3.883123784E-03,-1.073960344E-02, 5.082545398E-03,-6.480205194E+00
       171,-6.324891867E-03,-9.488448138E-03, 5.120067853E-03,-7.124077413E+00
       172, 1.031973070E-02,-4.554443585E-03, 5.386111956E-03,-5.534636724E+00
       173,-9.883005063E-03,-5.355336077E-03, 5.467777102E-03, 4.409594230E+00
       174, 7.537007694E-03, 8.337181439E-03, 5.471281447E-03,-6.229871084E+00
       175, 1.113492110E-02,-1.336125976E-03, 5.520715481E-03,-4.936464815E+00
       176, 7.330898126E-04, 1.118137281E-02, 5.539808784E-03,-8.899707225E+00
       177, 7.147977666E-03,-8.627404468E-03, 5.542951149E-03,-6.155734698E+00
       178, 5.658147795E-03, 9.603162347E-03, 5.658147795E-03,-6.622884458E+00
       179,-1.965180668E-03, 1.083325066E-02, 5.918508682E-03,-1.130854227E+01
       180,-9.522025917E-03, 5.364908725E-03, 6.066199535E-03, 2.701766088E+00
       181,-2.938389585E-03,-1.046340552E-02, 6.175193245E-03,-1.042824205E+01
       182, 8.965933817E-03, 6.070753164E-03, 6.245637422E-03,-5.990422394E+00
       183, 8.630331204E-03,-6.473854646E-03, 6.313207532E-03,-5.846397977E+00
       184, 1.047418907E-02, 2.478704389E-03, 6.355893953E-03,-5.628353238E+00
       185,-7.807093501E-03, 7.189827092E-03, 6.603459506E-03,-3.582415625E+00
       186, 4.974657727E-03,-9.296699745E-03, 6.713728796E-03,-6.467950087E+00
       187,-1.054127161E-02,-3.438956860E-05, 6.717917099E-03, 7.320455899E+00
       188,-8.092957699E-03,-6.619871849E-03, 6.850644669E-03,-2.296252259E+00
       189,-3.721602143E-03, 9.691310043E-03, 6.962627891E-03,-1.103065197E+01
       190,-8.704431758E-05,-1.036977571E-02, 6.979267515E-03,-8.640274939E+00
       191, 2.692069287E-03,-9.862204586E-03, 7.193030214E-03,-6.760061631E+00
       192, 3.157383338E-03, 9.675646456E-03, 7.256913677E-03,-7.231297017E+00
       193,-3.900953388E-03,-9.043178146E-03, 7.697628965E-03,-1.046627166E+01
       194,-6.469590046E-04, 9.809982995E-03, 7.719823682E-03,-1.021145521E+01
       195,-9.273013380E-03,-3.101274738E-03, 7.787381963E-03, 1.853677694E+00
       196, 5.986187273E-03, 7.717155066E-03, 7.801351141E-03,-6.419648849E+00
       197, 9.248482854E-03,-2.989287033E-03, 7.860008139E-03,-5.835427052E+00
       198,-9.277882563E-03, 2.793657701E-03, 7.897238239E-03, 1.947667700E+00
       199, 6.167434594E-03,-7.461092936E-03, 7.908529746E-03,-6.538938548E+00
       200,-5.627124549E-03, 7.701058862E-03, 8.079552074E-03,-8.589408036E+00
       201,-5.697716249E-03,-7.504095314E-03, 8.214291391E-03,-8.443971134E+00
       202,-7.458051524E-03, 5.304148531E-03, 8.514310061E-03,-4.295845776E+00
       203,-1.475786197E-03,-9.005425781E-03, 8.542503240E-03,-1.001685656E+01
       204, 7.891756851E-03, 4.305910786E-03, 8.685004669E-03,-6.152816609E+00
       205, 3.750257526E-03,-7.936492043E-03, 8.899306857E-03,-6.659113199E+00
       206, 8.766000599E-03, 3.638631292E-04, 8.903641790E-03,-5.890985874E+00
       207,-7.034580265E-03,-5.212812693E-03, 8.921393631E-03,-5.323299194E+00
       208, 1.177230712E-03,-8.520883932E-03, 9.069656271E-03,-7.658989947E+00
       209,-8.575014438E-03, 1.128869078E-05, 9.094998623E-03,-9.538909249E-01
       210, 6.840032718E-03,-5.003200473E-03, 9.188685294E-03,-6.477984976E+00
       211, 3.363216741E-03, 7.717155066E-03, 9.240362052E-03,-6.885103738E+00
       212, 6.991606917E-04, 8.119309599E-03, 9.478290245E-03,-8.505622271E+00
       213,-2.545068068E-03, 7.717155066E-03, 9.498323337E-03,-1.075528724E+01
       214,-3.165662857E-03,-7.423049639E-03, 9.546041731E-03,-1.070731743E+01
       215, 4.844670877E-03,-6.032387935E-03, 9.817813397E-03,-6.731722456E+00
       216, 4.968233186E-03, 5.733626244E-03, 9.934394249E-03,-6.633217421E+00
       217,-6.994070542E-03, 2.749816085E-03, 9.988567903E-03,-5.451268593E+00
       218,-4.994778356E-03,-5.463601595E-03, 1.007230097E-02,-9.549766389E+00
       219,-4.771428571E-03, 5.364908725E-03, 1.023236159E-02,-9.635858215E+00
       220,-6.649754036E-03,-2.643672523E-03, 1.024898858E-02,-6.372822354E+00
       221, 6.708394581E-03,-1.738436632E-03, 1.040313800E-02,-6.440588264E+00
       222,-4.489670128E-04,-6.820345010E-03, 1.046572131E-02,-9.116833756E+00
       223, 1.908526487E-03, 6.322838206E-03, 1.061269257E-02,-7.267935339E+00
       224,-4.843340470E-04, 6.305994100E-03, 1.078192279E-02,-9.095993019E+00
       225, 5.874302497E-03, 2.215574425E-03, 1.080896850E-02,-6.653298752E+00
       226, 2.097198802E-03,-5.767855646E-03, 1.088960965E-02,-7.155084442E+00
       227,-2.357371492E-03, 5.626354346E-03, 1.091040496E-02,-1.069161637E+01
       228,-2.491044931E-03,-5.515659751E-03, 1.093719309E-02,-1.054975382E+01
       229,-5.566049333E-03, 4.199539309E-04, 1.118448629E-02,-8.924289136E+00
       230,-4.814778573E-03, 2.703935294E-03, 1.121412686E-02,-9.978687463E+00
       231, 4.072219267E-03,-3.438603251E-03, 1.130676956E-02,-6.827580852E+00
       232, 3.029301326E-03, 4.145367287E-03, 1.139689710E-02,-7.018138998E+00
       233, 7.903087666E-04, 5.025545477E-03, 1.141793785E-02,-7.798008612E+00
       234,-3.491586703E-03,-3.231019862E-03, 1.155938290E-02,-1.032116882E+01
       235,-2.963786514E-03, 3.591729966E-03, 1.160023471E-02,-1.077600177E+01
       236,-4.212120715E-03,-1.241145458E-03, 1.170331564E-02,-1.039546924E+01
       237,-9.025798760E-04, 4.278991296E-03, 1.171006332E-02,-9.287289418E+00
       238,-6.671388409E-04,-4.175625519E-03, 1.176303861E-02,-9.175134874E+00
       239, 4.017993316E-03, 0.000000000E+00, 1.183662662E-02,-6.863286766E+00
       240,-3.646713904E-03, 1.645950622E-03, 1.184239521E-02,-1.097603230E+01
       241, 1.536943928E-03,-3.434714277E-03, 1.192017371E-02,-7.364993091E+00
       242, 2.995325387E-03, 2.069792411E-03, 1.195800925E-02,-7.004498532E+00
       243,-2.925209167E-03, 1.070253846E-04, 1.215243584E-02,-1.066932022E+01
       244, 6.580602073E-04, 2.702508568E-03, 1.218660758E-02,-7.822045454E+00
       245,-1.959153205E-03,-1.839660162E-03, 1.220767665E-02,-1.004619174E+01
       246,-1.700590158E-03, 2.049625963E-03, 1.221298598E-02,-9.882743231E+00
       247,-4.267474525E-05,-2.318302402E-03, 1.228306366E-02,-8.306125828E+00
       248, 1.859056456E-03,-1.211062706E-03, 1.230151357E-02,-7.177569768E+00
       249, 1.743889774E-03, 8.238271248E-04, 1.235031001E-02,-7.180973448E+00
       250,-2.892670562E-04,-1.450802330E-04, 1.249581035E-02,-8.542617680E+00
