0.732607 0.000151741 -0.0697496
0.424868 0.00025557 -0.0697493
0.531666 -0.000288989 -0.0697491
0.501933 -0.000394666 -0.0697486
0.477786 0.000428645 -0.0697484
0.845307 -0.000609274 -0.0697471
0.546632 0.00076564 -0.0697455
0.450884 0.000792867 -0.0697452
0.328411 -0.000827139 -0.0697448
0.717623 -0.000878445 -0.0697442
0.892253 0.00121754 -0.0697399
0.747591 0.00118489 -0.0697397
0.36504 0.00137185 -0.0697362
0.880338 0.00165813 -0.06973
0.561596 0.00182472 -0.0697258
0.702641 -0.00190532 -0.0697237
0.275016 0.00193777 -0.0697223
0.762576 0.00222096 -0.0697144
0.400571 0.00224443 -0.0697136
0.28932 -0.00258863 -0.0697016
0.833121 -0.00262353 -0.0697004
0.576559 0.00288755 -0.0696899
0.68766 -0.00292863 -0.0696882
0.31469 0.00296327 -0.0696867
0.777563 0.00325997 -0.0696735
0.378159 -0.00329591 -0.0696718
0.820712 -0.00334277 -0.0696696
0.515757 -0.00335629 -0.0696689
0.906923 0.00177382 -0.0696432
0.67268 -0.00394856 -0.0696379
0.59152 0.00395338 -0.0696376
0.79255 0.0043017 -0.0696169
0.808887 0.00448364 -0.0696055
0.6577 -0.00496537 -0.0695728
0.60648 0.00502137 -0.0695687
0.352681 0.00548064 -0.0695341
0.34246 -0.00556822 -0.0695271
0.490026 -0.00583894 -0.0695049
0.249624 -0.00364841 -0.0694967
0.642721 -0.00597916 -0.069493
0.621438 0.00609021 -0.0694833
0.388199 0.00640568 -0.069455
0.855813 -0.00642507 -0.0694532
0.464016 -0.00645799 -0.0694501
0.438073 -0.00685749 -0.0694118
0.260719 0.00645607 -0.0694093
0.627741 -0.00698996 -0.0693986
0.411606 0.00708656 -0.0693888
0.303623 -0.00712785 -0.0693846
0.636395 0.00715968 -0.0693813
0.409889 -0.00725847 -0.069371
0.300376 0.0073965 -0.0693564
0.872179 -0.00769691 -0.0693238
0.392214 -0.00770506 -0.0693228
0.437697 0.0077703 -0.0693156
0.824333 0.00790366 -0.0693005
0.61276 -0.00799763 -0.0692897
0.235325 0.000932991 -0.0692718
0.651353 0.00822974 -0.0692625
0.263926 -0.00819757 -0.0692428
0.339965 0.00844084 -0.0692371
0.868725 0.008548 -0.0692239
0.49164 0.00872696 -0.0692016
0.597779 -0.00900191 -0.0691664
0.839287 0.00900872 -0.0691655
0.922276 0.00186146 -0.0691513
0.355863 -0.00925049 -0.0691336
0.66631 0.00930024 -0.0691269
0.88596 -0.00959656 -0.0690861
0.852821 0.00967503 -0.0690754
0.465045 0.00969476 -0.0690727
0.582798 -0.0100024 -0.0690288
0.681267 0.010371 -0.0689744
0.841728 -0.0104014 -0.0689698
0.374348 0.0104808 -0.0689578
0.798697 -0.0104871 -0.0689568
0.367858 -0.0108448 -0.0689015
0.783647 -0.0109152 -0.0688904
0.899805 -0.0108286 -0.0688889
0.567819 -0.0109996 -0.0688769
0.508302 0.0111156 -0.0688583
0.696224 0.011442 -0.0688048
0.478357 0.0115631 -0.0687846
0.812753 -0.0116464 -0.0687705
0.31792 -0.01167 -0.0687665
0.913916 -0.0101609 -0.0687638
0.768656 -0.0117527 -0.0687524
0.286097 0.0119953 -0.0687105
0.552874 -0.0119975 -0.0687101
0.523266 0.012155 -0.0686825
0.246428 0.0109348 -0.0686741
0.884141 0.0123212 -0.0686525
0.71118 0.0125129 -0.0686182
0.827125 -0.0125944 -0.0686032
0.753676 -0.0126585 -0.0685914
0.278223 -0.0126979 -0.0685843
0.526626 -0.0128662 -0.0685528
0.538657 -0.0129379 -0.0685393
0.221005 0.00543634 -0.0685315
0.503183 -0.0130534 -0.0685174
0.325715 0.0130623 -0.0685157
0.538228 0.0131981 -0.0684897
0.899083 0.0134036 -0.0684379
0.477171 -0.0135753 -0.0684159
0.738699 -0.0135748 -0.068416
0.726136 0.0135836 -0.0684142
0.398994 0.0136217 -0.0684067
0.451151 -0.0140559 -0.0683188
0.553189 0.0142429 -0.06828
0.224247 -0.0091311 -0.0682794
0.723722 -0.0144916 -0.0682277
0.424535 0.0145701 -0.068211
0.425288 -0.0145741 -0.0682101
0.741091 0.014654 -0.068193
0.928517 -0.00993527 -0.0680838
0.936885 0.00241724 -0.0680831
0.361735 0.015249 -0.0680624
0.568149 0.0152889 -0.0680535
0.708747 -0.0154068 -0.0680269
0.238541 -0.0136545 -0.0680093
0.209888 -0.00483822 -0.0680045
0.914014 0.0144057 -0.0679984
0.450406 0.0156099 -0.0679805
0.756047 0.0157238 -0.0679543
0.332209 -0.0162043 -0.0678413
0.693772 -0.0163198 -0.0678136
0.583108 0.0163351 -0.0678099
0.271794 0.0163756 -0.0677975
0.378072 -0.0166439 -0.0677348
0.771001 0.016793 -0.067698
0.292507 -0.0171545 -0.0676073
0.678798 -0.0172299 -0.0675881
0.311389 0.0173431 -0.0675592
0.598065 0.0173809 -0.0675494
0.785956 0.0178609 -0.0674241
0.232142 0.0155405 -0.0674116
0.400705 -0.0180371 -0.0673772
0.663825 -0.018137 -0.0673504
0.613022 0.0184253 -0.0672721
0.206711 0.00986021 -0.0672693
0.252844 -0.0180815 -0.0672481
0.195552 -0.000159737 -0.0672401
0.38573 0.0188099 -0.0671655
0.80091 0.0189272 -0.0671326
0.84959 -0.0190085 -0.0671096
0.648852 -0.019041 -0.0671004
0.928897 0.0151678 -0.0670853
0.627978 0.0194671 -0.066978
0.349124 0.0195417 -0.0669563
0.633879 -0.0199416 -0.0668383
0.815864 0.0199922 -0.0668232
0.879185 -0.0200221 -0.0668142
0.516317 -0.0202133 -0.0667566
0.473116 0.0203631 -0.0667111
0.642933 0.0205065 -0.0666671
0.943284 -0.010325 -0.0666648
0.490291 -0.0206125 -0.0666344
0.346489 -0.020715 -0.0666026
0.618906 -0.0208389 -0.066564
0.257518 0.020726 -0.0665314
0.464343 -0.0210174 -0.0665078
0.830817 0.0210555 -0.0664958
0.951295 0.00250478 -0.0663935
0.86353 -0.0214042 -0.0663844
0.438446 -0.0215177 -0.0663477
0.657888 0.0215432 -0.0663394
0.306779 -0.0215645 -0.0663325
0.411476 0.0215874 -0.066325
0.8923 -0.0216743 -0.0662975
0.603933 -0.0217328 -0.0662775
0.297204 0.0217463 -0.0662731
0.484996 0.0220089 -0.0661863
0.412505 -0.0220465 -0.0661738
0.84577 0.0221166 -0.0661504
0.437145 0.0222533 -0.0661046
0.905653 -0.0221722 -0.0660624
0.820367 -0.0224152 -0.0660499
0.267136 -0.0224131 -0.0660385
0.672843 0.0225771 -0.0659947
0.58896 -0.022623 -0.065979
0.33677 0.0227235 -0.0659444
0.38921 -0.0230915 -0.0658165
0.198868 -0.0148777 -0.0658156
0.499907 0.0231185 -0.065807
0.860719 0.0231711 -0.0657885
0.805392 -0.0232183 -0.0657718
0.179147 0.00542482 -0.0656906
0.8355 -0.0234754 -0.0656805
0.573987 -0.0235095 -0.0656683
0.217846 0.0198525 -0.0656631
0.362287 -0.0235601 -0.0656502
0.687798 0.0236079 -0.065633
0.943681 0.0155178 -0.0656037
0.18449 -0.0102336 -0.06558
0.920457 -0.022373 -0.0655515
0.213218 -0.0194192 -0.0655456
0.372812 0.0239783 -0.0654986
0.790418 -0.0240214 -0.0654828
0.514865 0.0241155 -0.0654482
0.875665 0.0242131 -0.0654122
0.559021 -0.024393 -0.0653453
0.462215 0.0245745 -0.0652772
0.702752 0.0246354 -0.0652543
0.775446 -0.0248246 -0.0651825
0.191424 0.0153601 -0.0651445
0.529823 0.0251044 -0.0650753
0.890608 0.0252377 -0.0650244
0.760474 -0.0256283 -0.0648707
0.717705 0.0256595 -0.0648584
0.544465 -0.0257365 -0.0648279
0.227586 -0.0237989 -0.0647866
0.321038 -0.0259154 -0.0647566
0.282874 0.0259894 -0.0647271
0.169282 -0.00597369 -0.0647256
0.544781 0.0260921 -0.0646856
0.243281 0.0254377 -0.0646534
0.905547 0.026205 -0.0645704
0.745502 -0.0264321 -0.0645474
0.958117 -0.0106371 -0.0645395
0.39708 0.0266054 -0.0644762
0.281407 -0.0266468 -0.0644592
0.732658 0.02668 -0.0644453
0.935388 -0.0226135 -0.0644088
0.322451 0.0269826 -0.0643192
0.559738 0.027078 -0.0642791
0.529334 -0.0271208 -0.0642611
0.730531 -0.0272354 -0.0642126
0.503373 -0.027487 -0.0641053
0.965534 0.00207456 -0.0640885
0.747611 0.0276967 -0.064015
0.477436 -0.027739 -0.0639966
0.164491 0.00830956 -0.0639919
0.715561 -0.0280377 -0.0638663
0.574695 0.0280615 -0.0638559
0.920454 0.0269333 -0.0638135
0.451565 -0.0282961 -0.0637523
0.359684 0.0286717 -0.0635842
0.762563 0.0287093 -0.0635673
0.241964 -0.0279799 -0.0635632
0.958324 0.0153573 -0.0635471
0.700591 -0.0288385 -0.0635088
0.203608 0.0239368 -0.063427
0.58965 0.0290418 -0.0634161
0.154251 -0.0045365 -0.0633038
0.399707 -0.0293057 -0.0632945
0.449776 0.0296037 -0.0631557
0.685622 -0.029637 -0.0631401
0.777515 0.0297177 -0.0631022
0.268587 0.0299935 -0.0629629
0.604605 0.0300182 -0.0629598
0.33528 -0.0301928 -0.0628762
0.849029 -0.0303631 -0.0627941
0.670653 -0.0304328 -0.0627604
0.872397 -0.0304869 -0.0627342
0.376435 -0.0305644 -0.0626964
0.425415 -0.0307188 -0.0626209
0.792467 0.0307216 -0.0626195
0.384429 0.0307501 -0.0626055
0.93532 0.0272672 -0.0625875
0.295658 -0.0307904 -0.0625857
0.424035 0.0308543 -0.0625542
0.619559 0.0309897 -0.0624873
0.228955 0.0294616 -0.0624715
0.308148 0.0310232 -0.0624707
0.655685 -0.0312252 -0.0623699
0.950436 -0.0235197 -0.062266
0.173623 -0.0201557 -0.06223
0.807417 0.0317209 -0.0621193
0.1612 -0.0163601 -0.0620758
0.634513 0.0319558 -0.0619988
0.151067 0.0118652 -0.0619963
0.141355 0.00254711 -0.0619798
0.640717 -0.0320139 -0.0619688
0.187962 -0.024614 -0.0619475
0.256358 -0.0319451 -0.0619197
0.884446 -0.0321947 -0.0618747
0.346897 0.032277 -0.0618322
0.972803 -0.0104648 -0.061816
0.174616 0.0216997 -0.0618062
0.822368 0.0327152 -0.0616015
0.625749 -0.0327989 -0.061557
0.649467 0.0329163 -0.0614943
0.143949 -0.0106342 -0.0614148
0.474965 0.0331065 -0.061392
0.826036 -0.0332392 -0.0613203
0.438521 0.0332552 -0.0613116
0.202322 -0.0289973 -0.0611863
0.610782 -0.0335799 -0.0611344
0.837317 0.0337045 -0.0610658
0.980202 0.00199749 -0.0610503
0.664419 0.0338709 -0.0609736
0.972804 0.0146789 -0.0609527
0.812475 -0.0339859 -0.0609096
0.950119 0.0271341 -0.0608254
0.516402 -0.0341379 -0.0608245
0.160137 0.0202057 -0.0608174
0.490477 -0.0342001 -0.0607896
0.912746 -0.033936 -0.0607015
0.595814 -0.034357 -0.0607011
0.349503 -0.0343813 -0.0606873
0.491153 0.0345318 -0.0606018
0.133474 -0.00796843 -0.0605864
0.797571 -0.0346416 -0.0605391
0.852269 0.0346874 -0.0605129
0.679372 0.0348195 -0.0604369
0.30989 -0.0348305 -0.0604306
0.46463 -0.0348491 -0.0604199
0.408506 0.0349171 -0.0603806
0.254368 0.0348561 -0.0603056
0.506468 0.0351249 -0.06026
0.580847 -0.03513 -0.060257
0.293857 0.0351387 -0.0602519
0.129228 0.00669184 -0.0602257
0.89801 -0.0355199 -0.0600192
0.216694 -0.0332008 -0.0599641
0.867222 0.0356582 -0.0599459
0.965236 -0.0229486 -0.0599339
0.270803 -0.0357087 -0.0599115
0.694323 0.0357619 -0.0598841
0.214699 0.0331375 -0.0598828
0.388769 -0.0357908 -0.0598669
0.15118 -0.0200508 -0.0598652
0.927657 -0.0340401 -0.059861
0.783472 -0.0358676 -0.0598209
0.565881 -0.0358987 -0.0598022
0.333464 0.036038 -0.0597184
0.861002 -0.0360689 -0.0596997
0.371104 0.0361292 -0.0596633
0.410987 -0.036159 -0.0596452
0.189367 0.0300319 -0.0596353
0.521365 0.0361918 -0.0596253
0.138686 0.0163686 -0.0595131
0.440138 -0.0363962 -0.0595008
0.537584 -0.0365973 -0.0593773
0.882177 0.0366114 -0.0593684
0.709275 0.0366979 -0.0593152
0.119884 -0.00410798 -0.0592909
0.76867 -0.0369349 -0.0591679
0.536291 0.0372567 -0.0589658
0.461286 0.0374892 -0.0588182
0.753698 -0.0375147 -0.058802
0.897134 0.0375404 -0.0587796
0.724225 0.0376272 -0.05873
0.836234 -0.0376921 -0.0586884
0.964808 0.0265196 -0.0585279
0.117818 0.00903827 -0.0584744
0.987323 -0.010444 -0.0584609
0.738771 -0.0380455 -0.0584599
0.551348 0.0381955 -0.058362
0.231075 -0.037188 -0.0582922
0.395417 0.038358 -0.0582554
0.363708 -0.0384633 -0.0581859
0.550954 -0.0385204 -0.0581481
0.739176 0.0385497 -0.0581287
0.279535 0.0386702 -0.0580488
0.91209 0.0383441 -0.0580384
0.324099 -0.038752 -0.057994
0.723766 -0.0390286 -0.0578082
0.566308 0.0390518 -0.0577925
0.239986 0.0384866 -0.057754
0.138438 -0.0219008 -0.057676
0.149304 0.025217 -0.0576545
0.942164 -0.0352931 -0.0576387
0.987336 0.014396 -0.057612
0.28526 -0.0393563 -0.0575857
0.754125 0.0394652 -0.0575111
0.99471 0.00181409 -0.0574576
0.162967 -0.0290549 -0.0574459
0.319154 0.0395681 -0.0574403
0.105747 0.00381194 -0.0574401
0.708791 -0.039691 -0.0573554
0.125402 -0.0182115 -0.0573019
0.581283 0.0397857 -0.0572898
0.927033 0.0388302 -0.05692
0.503451 -0.040347 -0.0568959
0.769074 0.0403734 -0.0568772
0.596194 0.0404523 -0.0568211
0.979607 -0.0228301 -0.0568023
0.357791 0.0405172 -0.0567748
0.39947 -0.0405203 -0.0567726
0.111143 -0.0135495 -0.0566996
0.177153 -0.0335051 -0.0565568
0.528386 -0.0408565 -0.0565311
0.447824 0.0409102 -0.0564923
0.477629 -0.0411119 -0.0563457
0.67886 -0.0411872 -0.0562907
0.125009 0.021035 -0.0562746
0.784023 0.0412741 -0.056227
0.245464 -0.0409275 -0.0561975
0.873823 -0.0414011 -0.0561336
0.433827 0.0414759 -0.0560783
0.693899 -0.0415904 -0.0559934
0.611156 0.0416902 -0.0559192
0.453569 -0.0418275 -0.0558165
0.663885 -0.0418323 -0.0558129
0.0971749 -0.00893392 -0.0556402
0.956861 -0.0348259 -0.0556055
0.419538 0.0421456 -0.0555767
0.798971 0.0421671 -0.0555604
0.16187 0.0323846 -0.0555077
0.648968 -0.0423155 -0.0554474
0.265308 0.0422973 -0.0554393
0.626144 0.0423979 -0.0553845
0.191505 -0.0376017 -0.0553777
0.377901 -0.0424106 -0.0553748
0.200764 0.0388079 -0.0553581
0.941929 0.0388852 -0.0553107
0.979332 0.026391 -0.0553068
0.338284 -0.04254 -0.0552754
0.848316 -0.0426063 -0.0552243
0.482691 0.0427052 -0.0551479
0.419168 -0.0427626 -0.0551034
0.299686 -0.0429424 -0.0549634
0.344089 0.0429625 -0.0549477
0.0891255 0.00470712 -0.054937
0.382658 0.0430153 -0.0549063
0.64105 0.0430281 -0.0548963
0.813918 0.0430521 -0.0548775
0.860091 0.0432012 -0.0547602
0.633982 -0.0433995 -0.0546032
0.803989 -0.0433998 -0.054603
0.907203 -0.0434034 -0.0544873
0.110603 0.0206554 -0.0544372
0.618983 -0.0439257 -0.0541808
0.828865 0.043929 -0.0541781
0.886791 -0.0441841 -0.0539699
1.00198 -0.0131173 -0.053914
0.655997 0.0442699 -0.0538999
0.604069 -0.0443822 -0.0538075
0.20587 -0.0414913 -0.0537943
1.00172 0.0139721 -0.0537761
0.259868 -0.0444109 -0.0537235
0.136706 0.0299988 -0.0536772
0.822685 -0.0445606 -0.0536599
0.225514 0.0434387 -0.0535318
0.175825 0.0380736 -0.05344
1.00926 0.00070655 -0.0533641
0.670989 0.0449397 -0.0533427
0.0811716 -0.00785977 -0.0532673
0.95673 0.0384713 -0.0531742
0.305689 0.0451396 -0.0531736
0.4304 -0.0451537 -0.0531617
0.872902 0.0451771 -0.0531419
0.0957889 0.0182439 -0.0531029
0.789681 -0.0452941 -0.0530422
0.589088 -0.0453571 -0.0529882
0.40685 0.0454049 -0.0529473
0.46563 -0.0454959 -0.0528692
0.6859 0.0455331 -0.0528371
0.971541 -0.0342755 -0.0528059
0.471151 0.0455716 -0.0528039
0.994403 -0.0234676 -0.0525673
0.512837 0.0458477 -0.0525643
0.574102 -0.0459734 -0.0524545
0.102501 -0.0226884 -0.0524158
0.561115 -0.0461182 -0.0523272
0.516519 -0.0461474 -0.0523014
0.117885 -0.02773 -0.0522781
0.4906 -0.0461775 -0.0522749
0.352451 -0.0461871 -0.0522664
0.540498 -0.0462141 -0.0522425
0.330531 0.0463153 -0.0521528
0.495749 0.0463178 -0.0521506
0.314054 -0.0464222 -0.0520577
0.776655 -0.0464999 -0.0519883
0.148768 -0.0355089 -0.0518807
0.0712261 0.00432214 -0.0518657
0.700842 0.0466479 -0.0518555
0.29063 0.0466485 -0.051855
0.220242 -0.0451585 -0.0517885
0.132308 -0.0322511 -0.05174
0.993774 0.0259246 -0.0515867
0.527704 0.0469701 -0.0515639
0.391145 -0.0469923 -0.0515436
0.21152 0.0447995 -0.0515134
0.0879414 -0.0195356 -0.0513626
0.0812828 0.0168681 -0.0511535
0.918761 -0.0468218 -0.0511424
0.761722 -0.0474754 -0.051099
0.369253 0.0476296 -0.0509553
0.861588 -0.0476537 -0.0509328
0.274269 -0.0476794 -0.0509077
0.0687374 -0.00817146 -0.050904
0.746784 -0.0477115 -0.0508786
0.71472 0.0478425 -0.0507555
0.897682 -0.0479961 -0.0506013
0.845684 0.0480471 -0.0505619
0.250061 0.0478692 -0.0505227
1.01456 -0.0113852 -0.0504953
0.903691 0.0480937 -0.0504577
0.150298 0.0377855 -0.0504575
1.01461 0.0121787 -0.0502926
0.887648 0.0483319 -0.0502896
0.458375 0.0483582 -0.0502643
0.731867 -0.048378 -0.0502453
0.543187 0.048397 -0.050227
0.406572 -0.0484469 -0.0501789
0.429769 0.0484482 -0.0501776
0.934255 -0.0464448 -0.0501628
0.835677 -0.048854 -0.0497826
0.318648 0.0488639 -0.0497729
0.393974 0.0489073 -0.0497303
0.558098 0.0489763 -0.0496623
0.276879 0.0489847 -0.049654
0.237519 0.0485503 -0.0495059
0.918656 0.0486196 -0.0494424
0.972999 0.0385502 -0.0493915
0.986029 -0.0335482 -0.0493882
0.234615 -0.0485628 -0.0493781
0.729585 0.0492935 -0.0493474
0.573093 0.0493683 -0.0492726
0.444194 -0.0494374 -0.0492033
0.744782 0.0494765 -0.049164
0.0738021 -0.0187081 -0.0490902
0.366597 -0.0496614 -0.0489772
0.1632 -0.0418293 -0.0489649
1.02347 0.000259599 -0.0489512
0.588028 0.049708 -0.0489299
0.328389 -0.0497718 -0.0488651
0.760659 0.0497757 -0.0488611
0.189292 0.0457788 -0.0485983
0.120065 0.0342711 -0.0485851
0.0558686 -0.00409928 -0.0485067
0.948993 -0.0459213 -0.0484503
0.0672007 0.0168364 -0.0483992
0.985674 0.0351609 -0.0483608
0.775585 0.0502952 -0.0483262
0.355927 0.0503632 -0.0482552
0.716519 -0.0504822 -0.0481308
0.60293 0.0504854 -0.0481274
0.933583 0.0487478 -0.048009
0.288635 -0.0507897 -0.0478061
0.101804 0.0310873 -0.0477969
0.442742 0.0508868 -0.0477028
0.862381 0.0508991 -0.0476896
0.179098 -0.0456177 -0.0475725
0.418526 0.051148 -0.0474227
0.875369 0.0511569 -0.0474132
0.0548088 0.0101006 -0.0473459
0.55353 -0.0512433 -0.0473196
0.908091 -0.0511707 -0.0472464
0.503546 -0.0513447 -0.0472096
0.790508 0.0513636 -0.047189
1.01052 -0.0242084 -0.0471387
0.529576 -0.0514706 -0.0470723
0.811332 -0.0516223 -0.0469059
1.00972 0.0253101 -0.046832
0.087078 0.0285088 -0.0468184
0.163402 0.0442833 -0.0467853
0.701794 -0.0518973 -0.0466014
0.248972 -0.0516777 -0.0465952
0.8055 0.0520529 -0.0464276
0.060117 -0.018083 -0.0462955
0.87491 -0.052179 -0.0462859
0.481843 0.0522193 -0.0462403
0.948429 0.0484054 -0.0460764
0.819227 0.0523691 -0.0460706
1.02398 0.0164893 -0.0459159
0.341064 0.0525702 -0.0458411
0.657283 -0.0525978 -0.0458094
1.02449 -0.0163277 -0.045799
0.634197 0.0526352 -0.0457663
0.263642 0.0526474 -0.0457148
0.641947 -0.0527888 -0.0455891
0.672279 -0.0528109 -0.0455635
0.193762 -0.0492811 -0.045551
0.0937143 -0.0323449 -0.0455191
0.380714 -0.0529357 -0.0454185
0.626969 -0.0529584 -0.045392
0.458446 -0.0529958 -0.0453483
0.342688 -0.0529994 -0.0453441
0.380001 0.0530244 -0.0453149
0.687269 -0.0530245 -0.0453147
0.8317 0.0530297 -0.0453086
0.109376 -0.036349 -0.0452735
0.612039 -0.0530927 -0.0452348
0.797882 -0.0530979 -0.0452288
0.618204 0.0531032 -0.0452226
0.649381 0.0531857 -0.0451254
0.0729245 0.0267354 -0.045031
0.420355 -0.0533053 -0.0449841
0.581415 -0.0533522 -0.0449284
0.849078 -0.0533664 -0.0449116
0.963615 -0.0464259 -0.0447353
0.079988 -0.0296883 -0.0446769
0.664184 0.0535751 -0.0446624
0.137549 0.0425131 -0.0445645
0.50546 0.0536588 -0.0445618
0.0418974 0.00203004 -0.0445594
0.302937 -0.0537622 -0.0444371
1.03549 -0.00752359 -0.0443444
1.03555 0.007441 -0.044339
0.474309 -0.053896 -0.0442747
0.209274 -0.0518867 -0.0441696
0.677766 0.0539901 -0.0441599
0.216408 0.0524804 -0.0440662
0.123723 -0.0406211 -0.0440454
0.998683 -0.0353883 -0.0439278
0.32754 0.0543402 -0.0437283
0.40491 0.054356 -0.0437086
0.96315 0.0475772 -0.0436318
0.783975 -0.0544675 -0.0435697
0.997605 0.0363645 -0.0435093
0.263314 -0.054516 -0.0434669
0.0451519 -0.0141949 -0.0434084
0.286725 0.0546116 -0.0433889
0.823063 -0.0546851 -0.0432962
0.977966 -0.0438045 -0.043291
0.692651 0.0547014 -0.0432757
0.706128 0.0547515 -0.0432122
0.46933 0.0549138 -0.0430058
0.88734 -0.0549977 -0.0428982
0.202419 0.0524988 -0.042771
0.228756 0.0542705 -0.0427128
0.314102 0.0552208 -0.0426109
0.0656341 -0.0280736 -0.0424801
0.138095 -0.0447836 -0.0423751
0.0567028 0.0245522 -0.0422743
0.567858 -0.0555974 -0.0421184
0.0431282 0.0159265 -0.0421065
0.770121 -0.0556535 -0.0420441
0.430204 0.055805 -0.0418428
0.755312 -0.0558919 -0.0417267
0.223608 -0.0548875 -0.0415829
0.394803 -0.056004 -0.0415761
0.355275 -0.0560428 -0.0415238
0.490717 -0.0560524 -0.0415108
0.516574 -0.0560599 -0.0415007
1.04576 -0.000831553 -0.0414554
0.542579 -0.0562209 -0.0412824
0.0351616 -0.00847419 -0.0412366
0.493927 0.0563351 -0.0411264
0.989074 -0.0423446 -0.0410106
0.740369 -0.0564259 -0.0410018
0.434379 -0.0565487 -0.0408322
0.317194 -0.0565699 -0.0408028
0.365847 0.0565949 -0.0407681
0.594589 -0.0566138 -0.0407418
0.275048 0.0566395 -0.0407054
0.177067 0.0516952 -0.0405936
0.535308 0.0567402 -0.0405656
0.300023 0.0568364 -0.0404308
0.152477 -0.0487239 -0.0403695
0.252293 0.0567652 -0.0403235
0.51929 0.0569141 -0.0403214
0.550308 0.0569548 -0.0402638
0.914514 -0.0567871 -0.040055
0.277624 -0.0571088 -0.0400452
0.0303114 -0.00072433 -0.039975
0.0326583 0.00939117 -0.0399543
0.862546 -0.0571737 -0.0399523
0.456066 0.0572156 -0.0398923
1.03532 0.0211909 -0.0397367
1.03534 -0.0212677 -0.0396897
0.565242 0.0574531 -0.0395496
0.926521 -0.0564953 -0.0395022
0.052349 -0.0268687 -0.0394926
0.58014 0.0574943 -0.0394897
0.240533 0.057167 -0.0393764
1.02338 0.0292186 -0.0393098
0.899545 -0.0576404 -0.0392519
0.973558 0.0487215 -0.0392076
1.02345 -0.0295 -0.0390708
0.0938514 0.0399435 -0.0390511
0.390803 0.0579349 -0.0388404
0.606612 0.0579481 -0.0388206
1.04644 -0.0139656 -0.0387908
1.04644 0.0139656 -0.0387908
0.595014 0.0579802 -0.0387727
0.237897 -0.0575084 -0.0387577
0.98545 0.0456459 -0.0387039
0.10772 0.0430132 -0.0386636
0.150458 0.04988 -0.0385734
0.725417 -0.058115 -0.0385704
0.913423 0.0578469 -0.0385674
0.89846 0.0581454 -0.038508
0.078621 0.0371708 -0.0383451
0.883468 0.0583209 -0.0382578
0.718263 0.0583702 -0.0381831
0.927402 0.0573376 -0.0381677
0.836769 -0.0584566 -0.0380507
0.166875 -0.0524169 -0.0380407
0.868476 0.058487 -0.0380038
0.190949 0.0550518 -0.0380017
0.735031 0.0585352 -0.0379296
0.369436 -0.0585723 -0.0378723
0.853485 0.0586519 -0.0377488
0.35121 0.0587074 -0.0376626
0.941335 -0.0562303 -0.0376594
0.0338945 -0.0177573 -0.037591
0.838493 0.0588158 -0.037493
0.750594 0.0588245 -0.0374794
0.0846394 -0.0394629 -0.0374754
0.408832 -0.0588401 -0.0374549
0.0254601 0.00494069 -0.0371958
1.05645 -0.00651678 -0.0371735
1.05645 0.00651678 -0.0371735
0.416679 0.0590206 -0.0371698
0.765471 0.0591112 -0.0370256
0.123773 0.0471457 -0.036988
0.0987492 -0.042834 -0.0369689
0.331412 -0.0591903 -0.036899
1.01105 0.0378308 -0.036879
0.780437 0.059259 -0.0367885
1.01114 -0.0378912 -0.0367784
0.0436746 0.0263196 -0.0367431
0.954859 -0.0547386 -0.0367322
0.795407 0.0594161 -0.0365342
0.16425 0.0532318 -0.0364318
0.825039 0.0594866 -0.0364194
0.810338 0.0594875 -0.0364179
0.291873 -0.0595036 -0.0363915
0.0263275 -0.0109563 -0.0363769
0.448348 -0.0595408 -0.0363306
0.481185 0.0595507 -0.0363144
0.807628 -0.0595888 -0.0362519
0.0646625 0.0355548 -0.0361608
0.942391 0.0570735 -0.0361529
0.0702974 -0.0372455 -0.0360934
0.956138 0.054954 -0.0360524
0.219684 0.0584834 -0.0360205
0.0226968 -0.00219283 -0.0358645
0.337087 0.0598629 -0.0357974
0.18144 -0.0556345 -0.0357203
0.503622 -0.0600181 -0.0355367
0.442247 0.0600332 -0.0355112
0.0330472 0.0211554 -0.0353678
0.972434 -0.0518628 -0.0353631
0.113168 -0.046698 -0.0353419
0.0409582 -0.0267114 -0.035318
0.210751 0.0583748 -0.0353146
0.529603 -0.0601505 -0.035312
0.619684 -0.0602204 -0.0351926
0.262283 0.0602918 -0.0350075
0.252238 -0.0602022 -0.0349839
0.634559 -0.0603431 -0.034982
0.555522 -0.0604319 -0.0348282
0.649508 -0.0604385 -0.0348168
0.137175 0.0508136 -0.0347264
0.0245794 0.0128692 -0.0347242
0.791222 -0.060513 -0.0346872
0.505498 0.0605154 -0.0346829
0.96727 0.0535807 -0.0346269
0.664496 -0.0605993 -0.0345362
1.06571 2.22697e-11 -0.0344897
0.875829 -0.0606349 -0.0344739
0.998449 0.044758 -0.0344381
0.606298 -0.0606893 -0.0343777
0.658597 0.060704 -0.0343519
0.581438 -0.0607542 -0.034263
0.679486 -0.0607629 -0.0342475
0.702263 0.0607659 -0.0342422
0.479494 -0.0607701 -0.0342348
0.0573465 -0.0351513 -0.0342016
0.672374 0.0608213 -0.0341437
0.643606 0.0608546 -0.0340843
0.687327 0.0608551 -0.0340834
0.324057 0.0608711 -0.0340549
0.694476 -0.0609255 -0.0339574
0.628614 0.0610042 -0.0338159
0.287214 0.0610079 -0.0338091
0.12753 -0.0503576 -0.0333303
1.04637 0.0243929 -0.0332682
1.0464 -0.0244679 -0.0332008
1.05676 -0.0179548 -0.033069
1.05676 0.0179548 -0.033069
0.382898 -0.061418 -0.0330584
0.850341 -0.0614619 -0.0329766
0.0510714 0.034101 -0.0329475
0.0265079 -0.0192428 -0.0328683
0.709315 -0.0615675 -0.032779
0.983914 -0.050571 -0.0326883
0.0192424 -0.00834245 -0.0326485
1.06604 -0.011042 -0.0325529
1.06604 0.011042 -0.0325529
0.306064 -0.0617162 -0.0324982
0.777166 -0.061729 -0.0324739
0.195848 -0.0589067 -0.0324677
0.376484 0.0618032 -0.0323325
0.0179999 0.00611297 -0.0322398
0.46427 -0.0618765 -0.0321919
0.997929 -0.0466078 -0.0321422
1.03514 0.0320007 -0.0317736
1.03526 -0.032235 -0.0314804
0.615543 0.0622942 -0.031376
0.403005 0.0623472 -0.0312706
0.227492 0.061577 -0.0311686
0.0159445 -0.00234089 -0.0311572
0.0303431 -0.0251348 -0.0311119
0.141902 -0.053765 -0.0310663
1.07444 -0.00504739 -0.0310281
1.07444 0.00504739 -0.0310281
0.962769 -0.0567111 -0.0309825
0.0450389 -0.0336912 -0.0307805
0.212494 -0.0610049 -0.0307631
0.311441 0.0626767 -0.0306048
0.0198691 -0.015781 -0.0302577
0.468228 0.0630446 -0.0298396
0.344331 -0.0630463 -0.0298361
0.0387747 0.0316544 -0.0298338
0.421928 -0.06312 -0.0296797
0.493627 0.0631518 -0.0296121
0.023155 0.0208647 -0.0295899
0.762946 -0.0632229 -0.0294598
0.274905 0.0632244 -0.0294556
0.266195 -0.0632628 -0.02934
0.0834788 0.0457377 -0.0291384
0.397289 -0.0633984 -0.0290804
0.490858 -0.0634101 -0.0290549
0.516652 -0.0634388 -0.0289921
0.60137 0.0634464 -0.0289755
0.428369 0.0634885 -0.0288832
0.0175186 0.0148386 -0.0288696
0.749571 -0.0635002 -0.0288574
1.08204 -3.04699e-12 -0.0288097
0.0701875 0.0431701 -0.0287066
0.824605 -0.06364 -0.0285477
0.888683 -0.0636494 -0.0285272
0.156275 -0.0569352 -0.0285267
0.24921 0.0635062 -0.028446
0.361555 0.0637172 -0.0283751
0.320203 -0.0637175 -0.0283743
0.227623 -0.0629386 -0.0283305
0.528852 0.0637926 -0.028205
0.543964 0.0637927 -0.028205
0.0977831 0.0489735 -0.0280577
0.904482 -0.0638399 -0.0279693
1.07475 -0.0141754 -0.0279382
1.07475 0.0141754 -0.0279382
0.558864 0.0639151 -0.0279264
0.0122521 0.0024939 -0.0278915
0.734793 -0.0639452 -0.0278573
0.573535 0.0639831 -0.0277703
0.58837 0.0640228 -0.0276786
0.921059 0.0634679 -0.0276672
0.358294 -0.0640432 -0.0276313
0.200398 0.0617036 -0.027566
1.0824 -0.00834657 -0.0274448
1.0824 0.00834657 -0.0274448
0.0221669 -0.0227769 -0.02737
0.0136935 -0.0106447 -0.0273442
1.06621 -0.0208085 -0.0272835
1.06621 0.0208085 -0.0272835
0.978103 0.0552057 -0.0272311
0.918364 -0.0637899 -0.0272198
0.906217 0.0641423 -0.0272128
0.0608114 -0.0417834 -0.0272086
0.453909 0.0642552 -0.0271346
0.0286092 0.028354 -0.027013
0.0339726 -0.0316498 -0.0270081
0.437844 -0.0643168 -0.0269885
0.891228 0.0643303 -0.0269583
1.02316 -0.0410121 -0.0269068
1.05649 0.0264588 -0.0268904
1.05655 -0.0264809 -0.0268399
0.185955 0.0608399 -0.0268349
1.0233 0.0410184 -0.026817
0.0113528 -0.00424614 -0.026776
0.0562276 0.0407771 -0.026752
0.542085 -0.0644402 -0.0266923
0.283013 -0.0644438 -0.0266841
0.876236 0.064446 -0.0266786
0.0893603 -0.0483183 -0.0266387
0.839434 -0.0644638 -0.0266354
0.721886 -0.064524 -0.0264891
0.0122819 0.00928549 -0.026449
0.215285 0.0631593 -0.0264406
0.298732 0.0645473 -0.0264324
0.861245 0.0645614 -0.026398
0.171787 0.0596988 -0.0263125
1.08908 -0.00324501 -0.0262158
1.08908 0.00324501 -0.0262158
0.846253 0.0646757 -0.0261167
0.56894 -0.0646772 -0.0261129
0.236494 0.064206 -0.0261088
0.595663 -0.0646875 -0.0260875
0.933337 -0.0632818 -0.026066
0.158278 0.0583414 -0.0260494
0.934886 0.0631532 -0.0260309
0.347105 0.0647153 -0.0260184
0.143506 0.0565886 -0.026006
0.128748 0.0546836 -0.0259716
0.515933 0.0647357 -0.0259674
1.00972 -0.0464768 -0.0259551
0.992648 0.0519114 -0.0259371
0.864375 -0.064784 -0.0258469
0.831262 0.0647889 -0.0258346
0.241345 -0.0645031 -0.0257013
1.00727 0.0474551 -0.0256864
0.816271 0.0649009 -0.0255518
0.949492 0.0616045 -0.0255378
0.102826 -0.0511576 -0.0255006
0.112175 0.0525787 -0.0254931
0.170633 -0.0599596 -0.0254328
0.48245 0.064948 -0.0254319
0.295405 -0.0649629 -0.0253938
0.371799 -0.0650092 -0.025275
0.388403 0.0650114 -0.0252695
0.801279 0.0650118 -0.0252683
0.40933 -0.0650127 -0.0252661
0.0740015 -0.0461141 -0.0252433
0.96363 0.0593661 -0.0251382
0.726203 0.0650644 -0.0251326
0.41418 0.0650962 -0.02505
0.950075 -0.0617244 -0.0250377
0.332525 -0.0651086 -0.0250179
0.450469 -0.065113 -0.0250064
0.786288 0.0651216 -0.0249841
0.0485339 -0.0395766 -0.0247841
0.771297 0.0652302 -0.0246992
0.262552 0.0652321 -0.024609
0.798026 -0.0652809 -0.0245648
0.756306 0.0653376 -0.0244135
0.81084 -0.0653508 -0.0243782
1.09553 5.19723e-15 -0.0242722
0.741315 0.0654439 -0.0241272
0.0437314 0.0382514 -0.0241098
1.04646 -0.0334521 -0.0240912
0.0166866 0.0208251 -0.0240698
0.0153193 -0.0191226 -0.0240653
0.626909 -0.0655012 -0.0239712
0.441253 0.0655107 -0.0239453
0.332556 0.0655182 -0.0239246
0.642981 -0.0655189 -0.0239227
1.08958 -0.0108794 -0.023886
1.08958 0.0108794 -0.023886
0.52855 -0.0655329 -0.0238844
0.611469 -0.0655452 -0.0238506
0.658183 -0.0655755 -0.0237673
0.974871 -0.0575784 -0.0236881
0.0245699 -0.0284735 -0.0236695
0.504294 0.0656163 -0.0236544
0.700816 -0.0656375 -0.0235955
0.67324 -0.0656447 -0.0235754
0.00824355 -0.00115855 -0.0235688
0.711333 0.0656529 -0.0235524
0.0212152 0.0259187 -0.0235345
0.0121142 0.0149329 -0.0235306
0.783784 -0.0656634 -0.0235232
0.254239 -0.0655727 -0.0234891
0.624222 0.0656809 -0.0234744
1.08288 -0.0162248 -0.0234574
1.08288 0.0162248 -0.0234574
0.555533 -0.0657002 -0.0234203
0.688268 -0.0657175 -0.0233716
0.696342 0.0657557 -0.023264
1.09647 -0.00596059 -0.0232095
1.09647 0.00596059 -0.0232095
0.00832072 0.00504203 -0.0231515
0.681351 0.0658572 -0.0229749
0.476351 -0.0658579 -0.022973
1.04681 0.0341972 -0.0228011
0.66636 0.0659576 -0.0226852
0.772134 -0.0659629 -0.0226697
0.319686 0.0659776 -0.022627
0.876754 -0.0659892 -0.0225934
0.503702 -0.0660409 -0.0224415
0.00865886 -0.00888686 -0.0224144
0.582347 -0.0660524 -0.0224077
0.651369 0.0660568 -0.0223947
0.117065 -0.0547087 -0.0222808
1.10153 -0.00218834 -0.0222186
1.10153 0.00218834 -0.0222186
0.636378 0.0661548 -0.0221036
0.184991 -0.062677 -0.0219683
1.07531 -0.0221229 -0.0219091
1.07531 0.0221229 -0.0219091
1.10153 -0.00435561 -0.0218971
1.10153 0.00435561 -0.0218971
0.285835 0.0662477 -0.0218235
0.0368342 -0.0369012 -0.0216098
1.10153 -0.00648093 -0.0213648
1.10153 0.00648093 -0.0213648
0.0328055 0.0351536 -0.0213079
0.0082305 0.0103403 -0.0211928
1.06578 0.0274994 -0.0207729
1.03519 0.0400634 -0.0206627
0.0100759 -0.0154079 -0.0206383
0.0170816 -0.0248552 -0.0203624
1.06607 -0.0279717 -0.0199584
0.00567342 0.00172822 -0.0199013
0.0738197 0.0487696 -0.0195373
0.0601162 0.0457048 -0.0195274
0.00556503 -0.00355903 -0.0194806
1.0974 -0.0135929 -0.0193633
1.0974 0.0135929 -0.0193633
0.0234682 0.0308327 -0.0193312
0.131225 -0.057759 -0.0191098
1.03599 -0.0405805 -0.0190052
0.0622018 -0.046459 -0.01895
0.0270806 -0.033409 -0.0189061
0.00556603 0.00638032 -0.0187487
0.989236 -0.0558705 -0.0186708
0.0517936 -0.043827 -0.0186131
1.08987 -0.0183866 -0.0185975
1.08987 0.0183866 -0.0185975
1.05749 0.0324317 -0.0185728
1.10153 -0.0124037 -0.0185635
1.10153 0.0124037 -0.0185635
0.0117081 0.0204654 -0.0183223
0.0167163 0.0261624 -0.0181669
0.00550197 -0.00788034 -0.0180567
0.00810183 0.0151149 -0.0178866
1.05689 -0.0332303 -0.0175589
0.0115433 -0.0211218 -0.017302
0.963999 -0.0620458 -0.0172637
1.10153 -0.0141635 -0.0172583
1.10153 0.0141635 -0.0172583
1.10153 -0.000848794 -0.0172154
0.00626646 -0.0119725 -0.0171181
0.047119 0.0429987 -0.0171066
0.146189 -0.0602148 -0.0170474
1.082 -0.0234307 -0.0167824
1.082 0.0234307 -0.0167824
0.00375354 -0.000628813 -0.0165377
0.383347 -0.0677625 -0.0165308
0.374221 0.0677719 -0.0164922
0.0054741 0.0107165 -0.0164779
0.307266 -0.0678291 -0.0162555
0.200428 -0.0656009 -0.0162487
0.0191263 -0.0294453 -0.0162194
0.850616 -0.0678516 -0.0161614
0.00370403 0.00328392 -0.0161178
0.612778 0.0678714 -0.016078
0.00380165 -0.00447023 -0.0160353
0.0395203 -0.0407635 -0.015944
0.225419 0.0670897 -0.0158437
0.0940811 -0.0536037 -0.0158417
0.712675 -0.0679424 -0.015775
0.760372 -0.0679539 -0.0157257
1.00216 -0.0531621 -0.0157147
1.10153 0.00523202 -0.015461
0.159984 -0.06221 -0.0153269
0.403054 0.0680566 -0.0152748
0.312601 0.0680755 -0.0151906
0.00413953 -0.00846372 -0.0150991
0.728056 -0.068104 -0.0150622
0.74346 -0.0681106 -0.0150321
0.0998463 0.054741 -0.0149246
0.46058 -0.0681403 -0.0148969
0.271521 0.0681379 -0.0148946
0.462624 0.0681533 -0.0148376
0.59682 0.0681592 -0.0148103
0.0355342 0.039571 -0.0148026
0.0875669 0.0528803 -0.0147278
0.00360092 0.00684031 -0.0147256
0.352193 -0.0681795 -0.0147167
0.414491 -0.0682038 -0.0146036
0.400127 -0.0682381 -0.0144426
0.477265 0.0682391 -0.0144378
0.00758364 -0.0175778 -0.0144321
0.941593 0.0661392 -0.0142094
0.217533 -0.0670986 -0.0141935
0.92673 0.0674465 -0.0141879
0.925084 -0.0675493 -0.0141863
0.428265 -0.0682919 -0.0141861
0.443321 -0.0682919 -0.0141861
0.488489 -0.0682919 -0.0141861
0.518601 -0.0682919 -0.0141861
0.548714 -0.0682919 -0.0141861
0.819723 -0.0682919 -0.0141861
0.83478 -0.0682919 -0.0141861
0.881972 0.0682917 -0.0141861
0.419092 0.0682919 -0.0141861
0.434024 0.0682919 -0.0141861
0.49375 0.0682919 -0.0141861
0.523613 0.0682919 -0.0141861
0.538545 0.0682919 -0.0141861
0.553477 0.0682919 -0.0141861
0.568408 0.0682919 -0.0141861
0.58334 0.0682919 -0.0141861
0.807314 0.0682919 -0.0141861
0.822245 0.0682919 -0.0141861
0.837177 0.0682919 -0.0141861
0.852109 0.0682919 -0.0141861
0.86704 0.0682918 -0.0141861
0.33793 -0.068292 -0.0141855
0.322874 -0.068292 -0.0141853
0.254855 0.0682 -0.0141847
0.232563 -0.067724 -0.0141834
0.895002 -0.0682915 -0.014183
0.239932 0.0679367 -0.0141831
0.896901 0.0682881 -0.0141825
0.910051 -0.068149 -0.0141807
0.911824 0.0681071 -0.0141807
1.10153 -0.0172583 -0.0141635
1.10153 0.0172583 -0.0141635
1.10153 -0.00862837 -0.0140771
1.01492 -0.0497356 -0.0139341
1.01528 0.0496221 -0.0139312
0.0130426 -0.0251837 -0.0138707
0.366846 -0.0683726 -0.0137916
0.35739 0.0683755 -0.0137772
1.07411 -0.0283886 -0.0137735
1.07411 0.0283886 -0.0137735
0.275955 -0.0683818 -0.0137449
0.0292114 -0.0369897 -0.0137329
0.881265 -0.06841 -0.0136044
0.00250151 -0.0019842 -0.0135742
0.00245315 0.00123682 -0.0135379
0.0824484 -0.0523393 -0.0135284
0.0041791 -0.0110567 -0.0134159
0.00534643 0.0141191 -0.0133738
0.606922 -0.0684599 -0.0133514
0.534417 -0.0684623 -0.0133395
0.448067 0.0684719 -0.0132901
0.261757 -0.068452 -0.013211
1.00106 0.0541672 -0.013181
0.291023 -0.0685003 -0.0131425
0.563107 -0.0685006 -0.0131413
0.00787392 0.0190576 -0.013098
0.592019 -0.0685186 -0.0130471
1.09675 -0.0199916 -0.0130458
1.09675 0.0199916 -0.0130458
0.940343 -0.0665154 -0.0130422
0.297741 0.0685196 -0.0130417
0.792938 0.0685198 -0.0130409
0.866766 -0.0685237 -0.0130203
0.0259489 0.0354881 -0.0129824
0.209374 0.0668999 -0.0129765
0.342652 0.068532 -0.0129764
0.790016 -0.0685362 -0.012954
0.00266759 -0.00568449 -0.0129413
0.00244259 0.00408087 -0.0129387
0.777983 0.0685424 -0.0129214
0.247894 -0.0683618 -0.0128812
0.509393 0.0685509 -0.0128765
0.622233 -0.0685528 -0.0128664
0.577347 -0.0685545 -0.0128573
1.10153 0.0104278 -0.0128279
0.195235 0.0659829 -0.0128219
0.956381 0.0644234 -0.0128198
0.804657 -0.0685618 -0.012818
0.985624 0.0584163 -0.012807
0.971064 0.0617373 -0.0128048
0.763027 0.0685648 -0.0128018
0.327915 0.0685673 -0.0127885
0.63754 -0.068571 -0.0127686
0.00365146 0.0102371 -0.0127372
0.180323 0.0647823 -0.0127108
0.652656 -0.0685819 -0.0127102
0.748072 0.0685871 -0.0126822
0.667753 -0.0685878 -0.0126781
0.16546 0.063377 -0.0126431
0.682832 -0.0685946 -0.0126415
0.15063 0.0618019 -0.0126023
0.69789 -0.0686053 -0.0125832
0.135826 0.0600852 -0.012577
0.733116 0.0686089 -0.0125636
0.121033 0.0582393 -0.012563
0.688189 0.0686103 -0.0125561
0.775496 -0.0686212 -0.0124964
0.718159 0.0686293 -0.0124519
1.10153 -0.0185635 -0.0124037
1.10153 0.0185635 -0.0124037
0.703196 0.068642 -0.0123813
0.10489 -0.0561323 -0.0122259
1.02599 -0.0465581 -0.0122109
0.67329 0.0686749 -0.0121978
0.65832 0.068677 -0.0121856
0.643352 0.0686775 -0.0121831
0.628386 0.0686775 -0.0121828
0.503562 -0.0686891 -0.0121174
0.0048589 -0.014166 -0.0120877
1.02896 0.0456171 -0.0119536
0.0181551 0.03069 -0.0119291
0.953343 -0.0650737 -0.0118678
0.174278 -0.0643959 -0.0118304
1.04671 -0.0394099 -0.0117972
1.04137 0.0413283 -0.0117944
0.0695265 -0.0503595 -0.0117536
0.00857145 -0.0209379 -0.0117406
0.0208295 -0.0327267 -0.0117162
0.0027664 -0.00854652 -0.0115589
0.107818 0.0566885 -0.0115309
1.10153 0.00299355 -0.0113861
0.00236067 0.00705105 -0.0113394
0.389048 0.0688272 -0.0113065
1.08936 0.0238891 -0.0110517
1.08935 -0.023893 -0.0110515
0.00156946 -0.000496165 -0.0110253
0.00164785 -0.00337888 -0.0107718
0.0555547 -0.0474025 -0.0107255
0.00151766 0.00224861 -0.0106306
0.474457 -0.0689545 -0.0105021
0.0118348 0.0255202 -0.0104971
1.10153 -0.0148574 -0.0103862
1.05361 0.0373238 -0.0103579
0.284904 0.0689822 -0.0103188
0.977284 -0.0608994 -0.0101394
1.06524 0.0331749 -0.0100194
0.00155107 0.00453218 -0.00999681
0.00303529 -0.0112337 -0.00994961
0.00177937 -0.00616887 -0.00994223
0.0642727 0.0496467 -0.00992334
0.0143099 -0.0281972 -0.00990115
0.00545455 -0.0170253 -0.00976011
0.0504689 0.0462374 -0.00972917
1.06576 -0.0330701 -0.00972519
0.00347001 0.0126856 -0.00968879
0.187362 -0.065909 -0.00963804
0.00235248 0.00950607 -0.00934648
0.0425417 -0.0438746 -0.0091721
0.00102061 -0.0017976 -0.00884882
0.000965379 0.000585889 -0.00877413
0.0764968 0.0522991 -0.00875775
1.10153 -0.00239975 -0.00856205
0.00188223 -0.00845775 -0.00852917
0.120452 -0.0588928 -0.00851557
0.0011135 -0.00411041 -0.00846249
0.00149703 0.00673646 -0.00843772
0.000966531 0.00278197 -0.00834729
0.00492565 0.0167892 -0.00832107
0.00950085 -0.023695 -0.00830306
0.0382171 0.0424984 -0.0082443
0.00340797 -0.0135717 -0.00814899
0.00774169 0.0214641 -0.00812959
1.08139 0.0278797 -0.00809242
1.08137 -0.0278907 -0.00808976
1.05538 -0.0372769 -0.00794681
1.10153 0.014486 -0.00788504
0.0315049 -0.0397725 -0.00780424
0.000952322 0.00450145 -0.00748762
0.00236462 0.0111539 -0.00735985
0.00114683 -0.00619555 -0.00725291
0.000637293 -0.000582096 -0.00711309
0.0280811 0.038255 -0.00704874
0.000683461 -0.00256838 -0.00694514
0.00610471 -0.0194472 -0.00693213
0.000621856 0.00129105 -0.00692463
1.10153 0.00599332 -0.00690002
0.00207973 -0.0106143 -0.00676218
0.00156509 0.00876388 -0.00668445
0.0225746 -0.0352394 -0.00662792
1.10153 -0.0213648 -0.00648093
1.10153 0.0213648 -0.00648093
1.07411 0.0308831 -0.00646707
1.07413 -0.0308871 -0.00640621
0.000621871 0.00301016 -0.00636847
0.000708535 -0.00431407 -0.00618947
0.000956543 0.00635996 -0.00601684
0.00294321 0.0135336 -0.00597535
0.0199281 0.0336397 -0.00597065
0.00382108 -0.0156492 -0.00578928
0.00123565 -0.00807715 -0.0056841
0.000417174 0.000248314 -0.00560155
0.000432279 -0.00127146 -0.00558631
0.0136827 0.0287967 -0.00558557
1.09624 -0.0233825 -0.00557789
1.09625 0.0233803 -0.0055779
0.0155903 -0.0304551 -0.00556598
0.000620263 0.00450551 -0.00540196
0.000411538 0.00169177 -0.00529706
1.10153 -0.00924442 -0.00518913
0.000452628 -0.00280485 -0.00517799
0.000755324 -0.00596957 -0.00501332
0.00179507 0.0106973 -0.00485776
0.00234658 -0.0124137 -0.00481721
0.000415612 0.00300811 -0.00471665
0.00905641 0.0241357 -0.00470189
0.0104058 -0.0256999 -0.00464402
0.000308029 0.000742826 -0.00455505
0.000293512 -0.000344985 -0.00445259
0.000464583 -0.00407447 -0.00437743
1.10153 -0.0218971 -0.00435561
1.10153 0.0218971 -0.00435561
0.000295727 -0.00157108 -0.00420512
0.00141564 -0.00965574 -0.00417731
0.00574926 0.0196781 -0.00407724
0.000288171 0.00176124 -0.00404283
0.000628555 0.0058189 -0.00404109
0.000997342 0.00799436 -0.00398213
0.0067308 -0.0212268 -0.00382257
0.000422368 0.00419561 -0.00378319
0.000303363 -0.00268808 -0.00369306
0.000829716 -0.00735774 -0.00355287
0.000208126 0.000562733 -0.00343227
0.00357633 0.0158312 -0.00336905
0.000275046 0.00267401 -0.00332771
0.000200633 -0.00063302 -0.00332121
0.000516591 -0.00549941 -0.00319175
0.00424498 -0.0172231 -0.00315586
0.000203158 -0.00167236 -0.00297626
1.10153 -0.0176273 -0.00292713
0.000197833 0.00166259 -0.00290166
0.00032614 -0.00388969 -0.00280402
0.000638133 0.00660632 -0.00271346
0.0022304 0.0127189 -0.00270601
0.00261973 -0.0137604 -0.00266631
0.000443717 0.00521256 -0.00258785
0.00013894 1.29663e-05 -0.00250376
0.000293456 0.00371378 -0.00247938
0.00021496 -0.0026179 -0.00241993
0.000141674 -0.000871656 -0.00239193
0.00131844 0.00990912 -0.00232839
0.000136097 0.000902859 -0.00228809
0.0015737 -0.010813 -0.0022778
1.10153 -0.0222186 -0.00218834
1.10153 0.0222186 -0.00218834
0.000192388 0.00246589 -0.00215057
0.000147721 -0.00170571 -0.00201193
0.000105678 -0.000367356 -0.001933
0.000950968 -0.00851853 -0.00191263
0.000141267 0.00167391 -0.00190983
9.90673e-05 0.000276249 -0.00183484
0.000789071 0.00777125 -0.00176444
0.000568315 -0.00649894 -0.00165909
0.00010054 -0.000955245 -0.00161999
9.84325e-05 0.000951161 -0.00158053
0.000159909 -0.00237621 -0.0015155
0.000349103 -0.00479202 -0.0014737
1.10153 0.0101823 -0.00133338
7.02762e-05 -0.000298907 -0.00131318
0.000218172 -0.00337866 -0.0012583
0.000493218 0.00606397 -0.00125368
0.000113893 -0.00171805 -0.00121515
6.59887e-05 0.000413314 -0.00119907
0.000330342 0.00468626 -0.00119317
0.000209151 0.00331293 -0.00110145
1.10153 0.0176119 -0.00108575
9.60645e-05 0.00144513 -0.00107984
7.11621e-05 0.000919581 -0.00100592
7.59616e-05 -0.00105163 -0.000997978
0.000135951 0.00225712 -0.000971977
4.076e-05 -5.41679e-08 -0.000794476
0.000143271 -0.0024603 -0.000743611
4.61983e-05 0.000569506 -0.000694566
4.58389e-05 -0.000559864 -0.000693606
9.37216e-05 -0.00167188 -0.000561214
9.55726e-05 0.00171716 -0.000524707
6.49083e-05 0.00115037 -0.000485014
5.935e-05 -0.00106272 -0.000427677
2.20837e-05 -0.000206947 -0.000380596
2.20741e-05 0.000243263 -0.000358249
3.69005e-05 -0.000653658 -0.00030287
3.69924e-05 0.00065905 -0.0002953
0.827251 -0.0697511 0
0.285237 -0.0697509 0
0.842308 -0.0697509 0
0.375569 -0.0697507 0
0.812195 -0.0697506 0
0.390625 -0.0697505 0
0.360513 -0.0697503 0
0.405681 -0.06975 0
0.511073 -0.0697498 0
0.526129 -0.0697498 0
0.646578 -0.0697499 0
0.661634 -0.0697499 0
0.67669 -0.06975 0
0.691747 -0.06975 0
0.496017 -0.0697498 0
0.706803 -0.0697499 0
0.480961 -0.0697497 0
0.541186 -0.0697498 0
0.556242 -0.0697498 0
0.797139 -0.0697499 0
0.571298 -0.0697497 0
0.616466 -0.0697497 0
0.631522 -0.0697498 0
0.721859 -0.0697498 0
0.420737 -0.0697496 0
0.450849 -0.0697495 0
0.465905 -0.0697496 0
0.586354 -0.0697497 0
0.60141 -0.0697497 0
0.736915 -0.0697496 0
0.435793 -0.0697495 0
0.857364 -0.0697496 0
0.887476 -0.0697495 0
0.751971 -0.0697494 0
0.767027 -0.0697493 0
0.782083 -0.0697494 0
0.345457 -0.069749 0
0.87242 -0.0697476 0
0.330402 -0.0697473 0
0.300292 -0.0697471 0
0.315347 -0.0697462 0
0.270183 -0.0697359 0
0.902528 -0.0697118 0
0.255129 -0.0696383 0
0.240082 -0.0693894 0
0.917571 -0.0693855 0
0.225046 -0.0689209 0
0.932587 -0.0684972 0
0.210022 -0.0681848 0
0.195012 -0.0671974 0
0.947549 -0.066942 0
0.180019 -0.0659875 0
0.96242 -0.0646834 0
0.165043 -0.064584 0
0.150083 -0.0630149 0
0.977176 -0.0617613 0
0.135138 -0.061306 0
0.120208 -0.0594768 0
0.991802 -0.05825 0
0.105296 -0.0575046 0
0.09041 -0.0553404 0
1.0063 -0.0542425 0
0.0755685 -0.0528579 0
0.0608516 -0.0498848 0
1.02065 -0.0498524 0
0.0467564 -0.0461822 0
1.03458 -0.0452843 0
0.0347431 -0.0419248 0
1.04737 -0.0409065 0
0.0250621 -0.0373027 0
1.05901 -0.0368378 0
1.06963 -0.0331126 0
0.0174297 -0.0324033 0
1.07903 -0.0298395 0
0.0117268 -0.0274836 0
1.08729 -0.0270165 0
1.09471 -0.0245404 0
0.00765623 -0.022807 0
1.10153 -0.0223261 0
0.00486302 -0.0185985 0
0.00301943 -0.0149747 0
0.00183116 -0.0119123 0
0.00109292 -0.00935779 0
0.000660951 -0.00726681 0
0.000414307 -0.00555333 0
0.00026861 -0.00416212 0
0.000178101 -0.00304596 0
0.000117959 -0.00214959 0
7.68989e-05 -0.00145469 0
4.58449e-05 -0.000886426 0
2.1184e-05 -0.000414461 0
1.10153 0 0
2.1184e-05 0.000414461 3.5034e-43
4.52629e-05 0.00087547 1.46566e-42
7.56175e-05 0.00143193 3.60738e-42
0.000115528 0.00211036 7.00806e-42
0.000172351 0.00296618 1.17892e-41
0.000255342 0.00401323 1.69845e-41
0.000385947 0.00531198 1.97457e-41
0.000600935 0.00690059 1.24841e-41
0.000964889 0.00881095 -2.02199e-41
0.00159181 0.0111664 -7.56075e-41
0.00261051 0.014013 -6.83135e-41
0.00419367 0.0173902 2.21181e-40
0.00659759 0.0213404 7.83958e-40
1.10153 0.0223261 0
1.0947 0.0245435 -6.48629e-27
0.0101351 0.0258058 7.80038e-40
1.08735 0.0269982 -1.04629e-26
1.07917 0.0297928 -1.18853e-26
0.0151505 0.030607 -1.82456e-39
1.06986 0.0330305 -1.06235e-26
0.0219663 0.0354872 -3.24782e-39
1.05936 0.0367155 -6.93744e-27
0.0307517 0.0401841 1.14764e-38
1.04785 0.0407397 -2.0999e-27
0.0416823 0.0445357 -1.62773e-38
1.03522 0.0450677 1.66626e-27
0.0549817 0.0484755 -1.38673e-37
1.02145 0.0495996 2.97937e-27
0.0694306 0.0516943 -1.03829e-38
1.00723 0.053971 2.3607e-27
0.0841241 0.0543388 5.23791e-37
0.0988695 0.0565992 1.9969e-37
0.992856 0.0579753 9.21371e-28
0.113648 0.0586297 -1.792e-36
0.128448 0.0605017 -1.23343e-36
0.97836 0.0614989 -1.4596e-28
0.143263 0.0622511 5.91553e-36
0.158092 0.0638741 6.01898e-36
0.963737 0.0644493 -2.36224e-28
0.172937 0.0653464 -2.10626e-35
0.187798 0.0666414 -6.33397e-35
0.948999 0.0667535 2.14563e-29
0.202676 0.0677312 -8.66041e-35
0.934168 0.0683654 6.91072e-29
0.217569 0.0685878 -5.61821e-35
0.232475 0.0691841 6.07521e-35
0.919281 0.0693165 7.00015e-32
0.247392 0.0695335 2.31241e-34
0.904364 0.0696936 -1.97829e-29
0.262318 0.0696996 3.40684e-34
0.307109 0.0697464 -7.33983e-34
0.322039 0.0697465 -1.23083e-33
0.874506 0.0697476 5.86089e-30
0.33697 0.069748 -1.14794e-33
0.292178 0.0697488 -1.0203e-34
0.277248 0.0697491 2.69274e-34
0.859574 0.0697492 1.30026e-30
0.44149 0.0697495 -1.4742e-32
0.755053 0.0697494 9.14655e-31
0.769985 0.0697493 1.12065e-30
0.426558 0.0697495 -6.23036e-33
0.456421 0.0697495 -1.78924e-32
0.740122 0.0697496 3.76863e-31
0.784916 0.0697495 6.6521e-31
0.351901 0.0697497 -4.05901e-35
0.471353 0.0697497 -9.49101e-33
0.411626 0.0697498 1.47072e-33
0.486284 0.0697498 1.62465e-32
0.501216 0.0697498 5.72478e-32
0.516148 0.0697499 1.04332e-31
0.531079 0.0697498 1.48061e-31
0.546011 0.0697498 1.78998e-31
0.560942 0.0697498 1.87706e-31
0.575874 0.0697497 1.64746e-31
0.590806 0.0697497 1.00683e-31
0.605737 0.0697497 -1.39156e-32
0.620669 0.0697498 -1.7921e-31
0.6356 0.0697498 -3.6777e-31
0.650532 0.0697499 -5.47056e-31
0.72519 0.0697498 -1.65455e-31
0.665464 0.0697499 -6.84527e-31
0.680395 0.06975 -7.47643e-31
0.695327 0.06975 -7.03864e-31
0.710258 0.0697499 -5.20649e-31
0.799848 0.06975 -7.57364e-31
0.396695 0.0697503 4.62298e-33
0.889437 0.0697503 -1.89631e-30
0.366832 0.0697505 2.20865e-33
0.381763 0.0697506 4.31606e-33
0.81478 0.0697507 -2.71484e-30
0.844643 0.0697508 -3.01408e-30
0.829711 0.0697512 -3.91429e-30
3.70753e-05 0.000660934 0.000294994
3.68999e-05 -0.00065366 0.000302836
2.2097e-05 0.00024423 0.00035813
2.2085e-05 -0.000207008 0.000380592
9.48587e-05 0.00171274 0.000496384
6.27083e-05 0.00109457 0.00051066
6.33296e-05 -0.00110501 0.000515441
9.62415e-05 -0.00173095 0.000518908
4.6344e-05 0.000573742 0.000694666
4.62351e-05 -0.000563046 0.000700712
4.07203e-05 -1.53093e-08 0.000793716
0.000138624 0.00232147 0.000924854
0.000198172 0.00320582 0.000967716
7.17792e-05 -0.000938058 0.00100412
0.000144886 -0.00238675 0.00101804
7.09807e-05 0.000877029 0.00103891
9.64003e-05 0.00146586 0.0010614
9.89999e-05 -0.00150678 0.00108088
0.000223965 -0.00349083 0.00115609
6.60726e-05 -0.000409814 0.0012019
7.04505e-05 0.000303517 0.00131538
0.000341889 -0.00474905 0.00138171
9.88099e-05 -0.000951036 0.00158813
9.98609e-05 0.00094667 0.0016116
0.000556311 -0.00642669 0.00162366
0.000284734 0.00404455 0.00166362
0.000138849 0.00171333 0.00182385
9.90952e-05 -0.000267524 0.00183661
0.000935007 -0.00845955 0.00185235
0.000478828 0.00578766 0.00188492
0.000141991 -0.00169516 0.00190588
0.000194535 0.00268164 0.00192419
0.000105716 0.000366112 0.0019339
0.000794017 0.00771076 0.00210905
0.000203368 -0.0026829 0.00211555
0.00159349 -0.0109026 0.0021604
1.10153 -0.0222186 0.00218834
1.10153 0.0222186 0.00218834
0.00132111 0.00991586 0.00234153
0.000139567 -0.000901288 0.00234631
0.000143254 0.000903602 0.00240587
0.000306359 -0.00391055 0.00241907
0.000138885 -1.10653e-05 0.00250292
0.00263688 -0.0138214 0.00257348
0.00224111 0.0127474 0.00271196
0.000200193 -0.00179099 0.00286087
0.000483831 -0.00539813 0.00289146
0.000204102 0.00182155 0.00290184
1.10153 -0.0107479 0.00291635
1.10153 -0.0188059 0.0029276
0.00366999 0.0160892 0.00306891
0.00425875 -0.0172612 0.00309108
0.000288644 0.00297781 0.00325932
0.000280915 -0.00284516 0.0032673
0.000201833 0.000652288 0.00333346
0.000207239 -0.000564603 0.00342042
0.000802299 -0.00722299 0.00352107
0.000423598 0.00441291 0.00354326
0.00585571 0.0199504 0.00354461
0.000266189 -0.00179479 0.00376563
0.00674091 -0.0212488 0.00378177
0.000444628 -0.00429931 0.00393278
0.000692951 0.00630681 0.00398103
0.000286603 0.00169591 0.00405267
0.00909614 0.0242813 0.00416815
0.00138381 -0.00953189 0.00418517
1.10153 -0.0218971 0.00435561
1.10153 0.0218971 0.00435561
0.000294452 0.000363842 0.00446094
0.00119699 0.00862292 0.00451073
0.000387266 -0.0028215 0.00455193
0.000318212 -0.00104208 0.00460061
0.0104126 -0.0257117 0.00462032
0.000719463 -0.00593524 0.00475375
0.000425573 0.00299442 0.0048211
0.00233451 -0.012336 0.0049273
0.0137071 0.0289357 0.00494485
1.10153 0.00726978 0.00510968
0.00200573 0.0112431 0.00516772
1.10153 0.0150884 0.00537675
0.000633034 0.00456995 0.00544864
0.000625693 -0.00442172 0.00551307
0.000427796 0.00136112 0.00552816
0.0155947 -0.0304611 0.00555291
1.09624 -0.0233825 0.00557789
1.09625 0.0233803 0.0055779
0.00382195 -0.0156434 0.0058099
0.00117663 -0.00769324 0.00583196
0.0199939 0.0336998 0.00588449
0.000456489 -0.000362717 0.00590745
0.00332591 0.0144824 0.00594061
0.000567695 -0.00251439 0.00621389
0.00104063 0.0066073 0.00627608
1.07413 -0.0308871 0.00640622
1.07411 0.0308831 0.00646707
1.10153 -0.0213648 0.00648093
1.10153 0.0213648 0.00648093
0.0225772 -0.0352424 0.00662096
0.00100572 -0.00599164 0.00667115
0.000645647 0.00266513 0.00667398
0.00611485 -0.0194735 0.0069041
0.00529791 0.0180861 0.00692768
0.0281517 0.0383085 0.00695301
0.000828934 -0.00421813 0.00699317
0.00199757 -0.0101257 0.00707104
0.000663478 0.000786457 0.00724807
0.00177189 0.00909834 0.00732025
0.000691613 -0.0011287 0.0073647
1.10153 -0.00491336 0.0076239
0.031506 -0.0397737 0.00780037
0.00101005 0.00441299 0.00782673
1.05538 -0.0372769 0.00794681
1.08137 -0.0278907 0.00808976
1.08139 0.0278797 0.00809242
0.0382801 0.0425407 0.00814958
0.000921007 -0.00267522 0.00817051
0.00830363 0.0221941 0.00823543
0.00951583 -0.023729 0.00825782
0.00167346 -0.00770011 0.00836657
0.00295908 0.012242 0.00837187
1.10153 -0.0160933 0.00842215
0.00331543 -0.0131361 0.00847114
0.00129168 -0.00501726 0.00874552
0.00103673 0.00212367 0.00884538
0.00102295 -0.000457758 0.00902776
0.0425407 -0.0438747 0.00917002
0.00168828 0.00678288 0.00918419
0.0126584 0.0267666 0.00946624
0.00461802 0.0154971 0.0095363
0.0505175 0.0462671 0.00965351
1.06576 -0.0330701 0.0097252
1.10153 0.00183198 0.00977248
0.0143258 -0.028227 0.00985742
1.06524 0.0331749 0.0100194
0.00536842 -0.0167053 0.0100274
0.00267763 -0.00999354 0.0100309
0.850143 -0.0689994 0.0102032
1.05361 0.0373238 0.0103579
0.00266058 0.00956492 0.0103835
0.979348 -0.0603848 0.010419
0.262371 -0.0689275 0.0104731
0.269719 0.0689532 0.0104743
0.00165539 0.0041303 0.0105324
0.0555527 -0.0474017 0.0107265
0.00157781 -0.0023608 0.0108088
0.0640763 0.0493821 0.0109723
1.08935 -0.023893 0.0110515
1.08936 0.0238891 0.0110517
0.00387193 0.0126355 0.0110524
0.083118 -0.0530293 0.011063
0.00159567 0.00105421 0.0110716
0.0183472 0.0311317 0.0111418
0.00221664 -0.00634381 0.0113082
0.155295 -0.0625456 0.0114096
0.00734164 0.0192793 0.0114413
0.106182 0.0564672 0.0114996
1.10153 0.0103707 0.0116762
0.0208437 -0.0327488 0.0116816
0.0695248 -0.0503587 0.0117555
1.04137 0.0413283 0.0117944
1.04671 -0.0394099 0.0117972
0.120314 0.0582905 0.0118746
0.953334 -0.0650734 0.011877
0.00850038 -0.0207371 0.0119171
1.02896 0.0456171 0.0119536
0.00435072 -0.0129489 0.0120786
1.10153 -0.0114584 0.0121077
0.0926329 0.0543443 0.0121116
0.0243938 0.0348548 0.0121961
1.02599 -0.0465581 0.0122108
0.821614 0.0686585 0.0122897
0.00262776 0.00677265 0.0122943
1.10153 -0.0185635 0.0124037
1.10153 0.0185635 0.0124037
0.568254 0.0686379 0.0124042
0.818902 -0.0686189 0.0125086
0.382567 -0.0686179 0.0125142
0.358146 0.0686025 0.0125985
0.803875 -0.0686022 0.0126002
0.524868 0.0685986 0.0126197
0.239086 0.0682203 0.0126345
0.550096 -0.0685958 0.0126347
0.339319 -0.0685934 0.0126478
0.111271 -0.0569219 0.0126615
0.180323 0.0647823 0.0127108
0.306315 -0.0685801 0.01272
0.0034336 -0.00950703 0.012726
0.125178 -0.0587328 0.0127388
0.492206 0.0685723 0.0127619
0.971064 0.0617373 0.0128048
0.985624 0.0584163 0.012807
0.187513 -0.0653773 0.0128189
0.956381 0.0644234 0.0128198
0.195235 0.0659829 0.0128219
0.554156 0.0685603 0.0128259
0.745957 0.06856 0.0128279
0.0974738 -0.0549084 0.0128696
0.458663 -0.0685459 0.0129028
0.0773175 0.0515775 0.0129324
0.789106 -0.0685326 0.0129734
0.56472 -0.0685237 0.0130204
0.731884 0.0685207 0.0130362
0.702744 0.06852 0.0130395
0.940343 -0.0665154 0.013042
1.09675 -0.0199916 0.0130458
1.09675 0.0199916 0.0130458
0.836002 0.0685129 0.0130769
0.00228143 -0.000192859 0.0131403
0.353862 -0.0684987 0.0131509
0.415137 -0.0684948 0.0131715
1.00106 0.0541672 0.013181
0.344091 0.0684921 0.0131856
0.163386 0.0630528 0.0131915
0.539878 0.068474 0.0132792
0.282628 0.0684709 0.0132956
0.879923 0.068451 0.013397
0.0112974 0.0234947 0.0134133
0.372705 0.0684447 0.0134292
0.793646 0.0684413 0.0134469
0.477598 0.0684317 0.0134956
0.13476 0.0597522 0.0135131
0.865103 0.068416 0.0135747
0.430019 -0.0684081 0.0136143
0.621942 -0.0684048 0.0136314
0.746561 -0.0683992 0.0136592
0.0026319 0.00322967 0.0136703
0.626238 0.068394 0.0136852
0.76137 -0.0683921 0.0136947
0.0292225 -0.0370047 0.0137079
1.07411 -0.0283886 0.0137735
1.07411 0.0283886 0.0137735
0.148188 0.0612725 0.0137869
0.0123989 -0.0244915 0.0138657
0.836017 -0.0683506 0.0139002
1.01528 0.0496221 0.0139312
1.01492 -0.0497356 0.0139338
0.29113 -0.0683432 0.0139364
0.00273613 -0.00302992 0.0139776
0.535872 -0.0683274 0.0140137
0.611669 0.0683265 0.0140183
0.405672 0.0683112 0.0140927
1.10153 -0.0172583 0.0141635
1.10153 0.0172583 0.0141635
0.910051 -0.068149 0.0141807
0.895002 -0.0682915 0.014183
0.232563 -0.067724 0.0141834
0.299644 0.0682921 0.0141851
0.322874 -0.068292 0.0141853
0.314574 0.068292 0.0141852
0.329505 0.068292 0.0141854
0.368041 -0.0682919 0.0141858
0.398153 -0.0682919 0.0141861
0.443321 -0.0682919 0.0141861
0.473433 -0.0682919 0.0141861
0.578826 -0.0682919 0.0141861
0.669162 -0.0682919 0.0141861
0.684219 -0.0682919 0.0141861
0.699275 -0.0682919 0.0141861
0.714331 -0.0682919 0.0141861
0.774555 -0.0682919 0.0141861
0.864892 -0.0682919 0.0141861
0.879948 -0.0682918 0.0141861
0.434024 0.0682919 0.0141861
0.448955 0.0682919 0.0141861
0.463887 0.0682919 0.0141861
0.508682 0.0682919 0.0141861
0.58334 0.0682919 0.0141861
0.598271 0.0682919 0.0141861
0.687861 0.0682919 0.0141861
0.717724 0.0682919 0.0141861
0.807314 0.0682919 0.0141861
0.925084 -0.0675493 0.0141863
0.22502 0.0674428 0.014188
0.92673 0.0674465 0.0141879
0.210121 0.0666949 0.0142002
0.941593 0.0661392 0.0142094
0.592817 -0.0682857 0.0142155
0.850794 0.0682771 0.0142569
0.00596014 0.0145926 0.0142906
0.203327 -0.0662292 0.0143942
0.00425919 0.00994148 0.0144464
0.487081 -0.0682286 0.0144873
0.760461 0.0682214 0.0145212
0.894629 0.0681998 0.0146194
0.420696 0.0681931 0.0146534
0.218395 -0.0670343 0.0146905
0.606949 -0.0681695 0.0147631
0.0037196 -0.00701913 0.0149112
0.674569 0.0681179 0.0149993
0.640947 0.068095 0.0151027
0.65542 -0.0680889 0.0151301
0.169338 -0.0632116 0.0151683
0.275486 -0.0680744 0.015194
0.520369 -0.0680517 0.0152967
0.249358 -0.0678775 0.0153354
0.00387682 0.00642115 0.0155212
1.00194 -0.0532855 0.0155224
0.00512148 -0.0110604 0.0155381
0.00718133 -0.0158362 0.0155578
0.255825 0.0678705 0.0157298
1.10153 -0.00462836 0.0158059
0.0103503 -0.0206714 0.0158622
0.0395268 -0.0407731 0.0159258
0.0163482 0.0272504 0.0159294
0.00346737 0.000144813 0.0159561
0.730193 -0.0678252 0.0162717
0.00940426 0.0188432 0.0164242
0.77754 0.0677794 0.0164615
0.389361 0.0677763 0.0164742
0.141608 -0.0598275 0.0165007
1.082 -0.0234307 0.0167824
1.082 0.0234307 0.0167824
0.911088 0.0675061 0.0168843
0.638632 -0.0676695 0.0169074
1.10153 -0.0141635 0.0172583
1.10153 0.0141635 0.0172583
0.504149 -0.0675348 0.0174379
1.10153 0.00252646 0.0175567
1.05689 -0.0332303 0.0175589
0.0314681 0.036494 0.0175952
0.964139 -0.0619105 0.0176506
0.658191 0.0674793 0.0176513
0.00454653 -0.00381819 0.0176592
0.00456148 0.00365951 0.0177204
0.0230824 0.0314328 0.0178815
0.00547998 -0.00771718 0.0180883
0.018554 -0.0278497 0.0180978
0.00669907 0.0113621 0.0182793
0.0260052 -0.0330418 0.0183979
1.10153 -0.0124037 0.0185635
1.10153 0.0124037 0.0185635
1.05749 0.0324317 0.0185728
0.989203 -0.0559101 0.0185785
1.08987 -0.0183866 0.0185975
1.08987 0.0183866 0.0185975
0.0517947 -0.0438321 0.0186018
0.00573536 0.0074049 0.0186585
1.03599 -0.0405805 0.0190053
1.0974 -0.0135929 0.0193633
1.0974 0.0135929 0.0193633
0.00564591 -0.000569511 0.0199243
1.06607 -0.0279717 0.0199584
0.00964023 0.0150603 0.0202881
0.0079862 -0.0111272 0.0204368
0.0138872 0.0211587 0.020578
1.03519 0.0400634 0.0206627
0.0146167 -0.0219233 0.0206958
1.06578 0.0274994 0.0207729
0.0568372 0.0442807 0.0207937
0.0108412 -0.0165309 0.0208148
0.00701437 -0.00531285 0.0213166
1.10153 -0.00648093 0.0213648
1.10153 0.00648093 0.0213648
0.261714 -0.0663535 0.0213868
0.11324 0.0544895 0.0214885
0.81453 0.0663423 0.0215343
0.0344398 -0.0357524 0.0216609
0.850182 -0.0662389 0.0218501
0.0636358 -0.0455141 0.0218585
1.10153 -0.00435561 0.0218971
1.10153 0.00435561 0.0218971
1.07531 -0.0221229 0.0219091
1.07531 0.0221229 0.0219091
0.0450009 0.0400091 0.0219251
0.00717022 0.00336969 0.0219271
0.55876 -0.0661918 0.0219926
0.0199151 0.026111 0.0220204
1.10153 -0.00218834 0.0222186
1.10153 0.00218834 0.0222186
0.347756 -0.0660953 0.022281
0.388559 -0.06605 0.0224149
0.310395 -0.0660479 0.0224209
0.562117 0.0660352 0.0224583
0.350141 0.0659941 0.0225787
0.077125 -0.0480314 0.0227338
0.231784 0.0653136 0.0227671
1.04681 0.0341972 0.0228011
0.737713 0.0659048 0.0228382
0.270582 0.0658871 0.0228766
0.127438 0.0557653 0.0231444
0.484428 0.0657964 0.0231484
0.00936372 0.00930146 0.0231508
0.425117 -0.0657904 0.0231656
1.09647 -0.00596059 0.0232095
1.09647 0.00596059 0.0232095
0.963762 0.0601077 0.0232441
0.465272 -0.0656943 0.0234369
1.08288 -0.0162248 0.0234574
1.08288 0.0162248 0.0234574
0.309441 0.0656739 0.0234939
0.52034 0.0656549 0.0235469
0.75659 -0.0655818 0.0237497
0.871598 0.0655708 0.02378
0.0894363 -0.0497788 0.0238254
0.0998846 0.0514961 0.0238347
1.08958 -0.0108794 0.023886
1.08958 0.0108794 0.023886
0.827415 0.0655282 0.0238973
0.696835 0.0654983 0.0239792
0.181489 -0.0616161 0.0239821
1.04646 -0.0334521 0.0240912
0.00875762 -0.0015357 0.0241831
0.788943 0.0654143 0.0242073
0.116455 -0.0537908 0.0242224
0.103321 -0.0518414 0.0242442
1.09553 -4.85723e-15 0.0242722
0.617293 0.0653896 0.024274
0.0261714 -0.0290772 0.024321
0.0453131 -0.0386954 0.0243535
0.442249 0.0653362 0.0244173
0.155344 -0.0586832 0.0244761
0.975528 -0.0570524 0.0245745
0.783083 -0.065276 0.0245778
0.533037 0.0652629 0.0246126
0.810761 -0.0652495 0.024648
0.795685 -0.065244 0.0246625
0.901862 -0.0651681 0.0247852
0.376211 -0.065197 0.0247865
0.362918 0.065194 0.0247944
0.401413 0.0651788 0.0248343
0.62633 -0.0651731 0.0248495
0.0118575 -0.0120468 0.0248512
0.297716 -0.0651506 0.0249084
0.546157 -0.0651143 0.025003
0.677789 -0.0651046 0.0250283
0.574746 0.0650845 0.0250804
0.585619 -0.0650416 0.0251915
0.141236 0.0566666 0.0252029
0.24094 -0.0646808 0.0252249
0.335158 -0.0650269 0.0252295
0.0855185 0.0483422 0.025305
0.0105097 -0.00680955 0.0253288
1.00699 0.0476754 0.0254489
0.825859 -0.0649347 0.0254657
0.875132 -0.0649281 0.025483
0.186785 0.0614704 0.025535
0.496557 0.0648933 0.0255711
0.0139774 0.0145013 0.0257985
0.0694549 0.0447849 0.0258279
0.719319 -0.0647844 0.0258457
0.949734 -0.0614268 0.0258786
0.922167 0.0641497 0.0259027
0.0201121 -0.0224636 0.0259056
0.194912 -0.0619873 0.0259333
0.992648 0.0519114 0.0259371
1.00972 -0.046477 0.0259546
0.171394 0.0597934 0.0260037
0.709855 0.064697 0.0260637
0.933337 -0.063282 0.0260657
0.1553 0.0579794 0.0260881
0.0153457 -0.0161663 0.0261687
0.285174 0.064642 0.0262
1.08908 -0.00324501 0.0262158
1.08908 0.00324501 0.0262158
0.0271803 0.0281111 0.0262173
0.452232 -0.0645945 0.0263168
0.492129 -0.0645938 0.0263186
0.244653 0.064304 0.0263822
0.883498 0.0645363 0.0264585
0.749974 0.0645178 0.0265043
0.412792 -0.0645129 0.0265162
0.011131 0.00384755 0.0266061
0.129415 -0.0544432 0.0266574
0.838768 -0.0644463 0.0266777
0.321894 0.0643995 0.0267904
0.724762 0.0643958 0.0267994
0.201629 0.0621251 0.0268119
1.05655 -0.0264809 0.0268399
1.02313 0.0410596 0.0268548
0.0363265 0.0330179 0.0268616
1.05649 0.0264588 0.0268904
1.02316 -0.0410123 0.0269064
0.630188 0.0643207 0.0269791
0.54923 0.0642895 0.0270533
0.841834 0.0642724 0.0270939
0.613604 -0.0642685 0.0271032
0.803405 0.0642531 0.0271396
0.414093 0.0642387 0.0271737
0.455368 0.0642038 0.027256
1.06621 -0.0208085 0.0272835
1.06621 0.0208085 0.0272835
0.571355 -0.0641269 0.0274365
1.0824 -0.00834657 0.0274448
1.0824 0.00834657 0.0274448
0.0199083 0.0202441 0.0275054
0.97622 0.0554947 0.0275803
0.74436 -0.0640641 0.0275829
0.283946 -0.0639891 0.0277566
0.935013 0.0623958 0.02777
0.360315 -0.063962 0.0278189
0.707067 -0.0639418 0.0278652
0.228132 -0.0631631 0.0278735
0.532463 -0.0639213 0.0279122
1.07475 -0.0141754 0.0279382
1.07475 0.0141754 0.0279382
0.0137197 0.00900433 0.0279519
0.377339 0.0638923 0.0279785
0.670796 0.0638732 0.0280222
0.478064 -0.0637976 0.0281937
0.589168 0.0637687 0.0282591
0.857821 0.0637557 0.0282885
0.951098 0.0601048 0.0283803
0.665541 -0.0636759 0.0284676
0.916455 -0.0632961 0.0285267
0.764555 0.0635829 0.0286747
0.0130566 -0.00149731 0.0287249
0.21922 0.0623426 0.0287785
0.337886 0.0635343 0.0287822
1.08204 3.04719e-12 0.0288097
0.437672 -0.063509 0.028838
0.888388 -0.0635075 0.0288416
0.897854 0.0634916 0.0288592
0.605074 0.0633657 0.0291516
0.471091 0.0633603 0.0291632
0.320994 -0.0632463 0.0294098
0.21179 -0.0615669 0.0295329
0.863187 -0.0631686 0.0295762
0.644923 0.063108 0.0297053
0.597745 -0.0629871 0.0299608
0.684505 0.0629471 0.0300447
0.0161341 -0.00894947 0.0300933
0.771127 -0.0629162 0.0301093
0.398906 -0.0628949 0.0301539
0.120708 0.0513077 0.0302036
0.430449 0.0628262 0.0302966
0.517536 -0.0627113 0.0305338
0.0390839 -0.0311005 0.0305733
0.169198 -0.0573396 0.0305973
0.299387 0.0626773 0.0306037
0.691102 -0.0626528 0.0306536
0.269262 -0.0626094 0.0307278
0.983806 -0.0517212 0.0308865
0.652091 -0.0625103 0.0309433
0.056409 0.0377172 0.0309878
1.07444 -0.00504739 0.0310281
1.07444 0.00504739 0.0310281
0.510386 0.0623743 0.0312165
0.0189746 0.0121374 0.0312356
0.996726 -0.0476002 0.0312547
0.963262 -0.0564228 0.0313244
0.0289138 -0.0237422 0.0313323
0.0165987 0.00476533 0.0314007
0.0540788 -0.0365355 0.0314743
1.03526 -0.0322353 0.0314802
0.77851 0.062238 0.0314873
0.258857 0.0621663 0.0315097
0.911351 0.0620161 0.031548
0.0218492 -0.0159396 0.0316199
0.143237 -0.0535594 0.0317201
1.03514 0.0320007 0.0317736
0.109147 0.0483635 0.0320675
0.0343613 0.0265882 0.0322144
0.730501 -0.0617978 0.0323429
1.06604 -0.0110421 0.032553
1.06604 0.011042 0.0325529
0.39179 0.0616641 0.032597
0.253475 -0.061462 0.0327525
0.658918 0.0615528 0.0328067
1.05676 -0.0179551 0.0330689
1.05676 0.0179548 0.033069
0.817502 0.0613491 0.033186
1.0464 -0.0244682 0.0332006
0.0697369 -0.0396603 0.0332505
1.04637 0.0243929 0.0332682
0.963368 0.0552706 0.0332789
0.503329 -0.06123 0.0334052
0.306817 -0.0611976 0.0334646
0.637125 -0.0610891 0.0336622
0.132027 0.0507529 0.0337225
0.557532 -0.0610021 0.0338195
0.385983 -0.0610013 0.0338211
0.0452386 0.0306733 0.0338737
0.0197682 -0.00178757 0.0340107
0.346459 -0.0608443 0.0341028
0.485357 0.0608442 0.0341029
0.998218 0.045025 0.034193
0.849338 -0.0607347 0.0342975
0.0953597 0.0443708 0.0343055
0.564816 0.060728 0.0343094
0.352291 0.0607274 0.0343104
0.0832604 -0.0419239 0.0343431
0.234144 0.0601072 0.0343757
0.0275113 0.0174449 0.0344442
0.52477 0.0606479 0.0344508
1.06571 -2.22693e-11 0.0344897
0.109347 -0.0464815 0.0347843
0.463844 -0.060444 0.0348073
0.0964446 -0.0441346 0.0348675
0.0230453 -0.00904395 0.0349911
0.739052 0.0602543 0.0351346
0.424205 -0.0602177 0.0351974
0.69921 0.0600566 0.0354715
0.756074 -0.0599749 0.0356095
0.12136 -0.0478166 0.0356111
0.0803225 0.040177 0.0356288
0.131652 -0.04937 0.0356393
0.817312 -0.0599557 0.0356417
0.788519 -0.0599536 0.0356453
1.00993 0.0392198 0.0359021
0.619113 0.0597786 0.035938
0.0239047 0.00697574 0.0359763
1.0103 -0.0388923 0.0360902
0.871648 0.0596868 0.0360904
0.272875 0.0595839 0.0362569
0.312845 0.0595672 0.0362873
0.185313 -0.0556343 0.0363233
0.802554 -0.0595279 0.0363518
0.19368 0.0563932 0.0363662
0.0370735 -0.022618 0.0364013
0.974193 -0.0506618 0.0364379
0.831866 0.0594636 0.0364568
0.178878 0.0548753 0.0364726
0.792893 0.0593908 0.0365754
0.200414 -0.0568199 0.0365906
0.902965 -0.0593061 0.0366432
0.23925 -0.0588803 0.036706
0.716567 -0.059248 0.0368062
0.539324 0.0591524 0.0369597
0.676917 -0.0590947 0.0370518
0.445925 0.0590731 0.0370864
0.030396 -0.0149371 0.0371292
1.05645 0.00651678 0.0371735
1.05645 -0.00651652 0.0371736
0.925656 0.058087 0.0372206
0.984912 0.0470037 0.0372533
0.366672 0.0589635 0.0372603
0.405897 0.0589366 0.0373029
0.163602 0.0525046 0.0373598
0.874925 -0.0588413 0.0374531
0.292894 -0.0587988 0.0375197
0.579187 0.0587884 0.037536
0.623392 -0.0587215 0.0376406
0.833391 -0.0586678 0.0377242
0.0677446 0.0348163 0.0377515
0.583125 -0.0586176 0.0378022
0.942774 -0.0558648 0.0379175
0.332327 -0.0584312 0.0380896
0.489401 -0.058405 0.0381298
0.37188 -0.0584018 0.0381347
0.543725 -0.0583351 0.0382366
0.148002 0.0497443 0.0383057
0.954073 -0.0537844 0.0383197
1.04644 -0.0139657 0.0387909
1.04644 0.0139656 0.0387908
0.0282164 -0.0036556 0.0387949
0.928734 -0.0567963 0.0388103
0.753241 0.0579337 0.0388422
0.0570966 0.0298367 0.0388479
0.713535 0.0578948 0.0389001
0.500036 0.0578877 0.0389106
0.287382 0.0578775 0.0389257
0.209023 0.0558728 0.0389797
0.84639 0.0577884 0.039058
0.0467699 -0.0246067 0.0390674
1.02345 -0.0295004 0.0390705
0.449866 -0.0577577 0.0391033
0.673752 0.0577569 0.0391045
0.120319 0.0447382 0.0392092
0.157346 -0.0503148 0.0392201
0.886008 0.0576168 0.0393101
0.0392732 0.0188495 0.0394045
0.410444 -0.0575334 0.0394326
1.02189 0.0296262 0.0396048
0.985023 -0.0449372 0.039681
1.03534 -0.0212681 0.0396896
1.03532 0.0211909 0.0397367
0.248266 0.0571052 0.0397381
0.327073 0.0573175 0.0397457
0.420432 0.0572415 0.0398551
0.807383 0.0571588 0.0399737
0.593714 0.0570583 0.0401169
0.742116 -0.0570222 0.0401683
0.460288 0.0569345 0.0402925
0.224996 -0.0559057 0.0403019
0.633383 0.056925 0.0403059
0.381126 0.056591 0.0407736
0.9402 0.0541281 0.0408238
0.278599 -0.0565496 0.0408312
0.0337668 0.00741545 0.0408525
0.0400771 -0.0161648 0.0408918
0.702551 -0.0564483 0.0409709
0.662844 -0.0563871 0.041055
0.608677 -0.0563122 0.0411578
0.554033 0.056117 0.0414235
1.04576 0.000831553 0.0414554
0.318128 -0.0558142 0.0418306
0.172338 -0.0501284 0.0418358
0.727889 0.0557752 0.0418825
0.529564 -0.0557738 0.0418844
0.900532 0.0557334 0.0419069
0.569096 -0.0557514 0.0419142
0.767606 0.0557305 0.041942
0.860981 -0.0557259 0.0419482
0.97057 0.047203 0.0419511
0.357728 -0.0555777 0.0421444
0.95459 0.0507379 0.0421499
0.142041 -0.0455961 0.0421754
0.397506 -0.0554114 0.0423627
0.106442 0.0391185 0.0423631
0.475411 -0.0553094 0.0424958
0.223315 0.0539686 0.0427487
0.60835 0.0550358 0.0428496
0.914611 -0.0546894 0.0428699
0.474811 0.0549992 0.0428965
0.647909 0.0549956 0.0429012
0.341424 0.0549619 0.0429443
0.0383336 -0.00515496 0.0430265
0.96259 -0.0482518 0.0430335
0.0767373 -0.0310054 0.0430714
0.780058 -0.0548461 0.0430921
0.514559 0.0548439 0.043095
0.43581 -0.0548257 0.0431181
0.86118 0.0548155 0.043131
0.996921 -0.037004 0.0432124
0.995267 0.0375941 0.0432928
0.0529794 0.0205185 0.043321
0.0612292 -0.0248531 0.0433356
0.0915274 0.0346816 0.0433415
0.302256 0.0546369 0.043357
0.648686 -0.0545902 0.0434158
1.0088 0.0312293 0.0434474
0.210724 -0.0525447 0.0435154
0.0912537 -0.0341036 0.0437446
0.688246 0.0542548 0.0438342
0.128857 -0.0416035 0.0439952
0.435103 0.0540181 0.0441256
0.264262 -0.0539337 0.0441943
0.822228 -0.0539396 0.0442215
0.185996 0.0496353 0.0442537
0.104081 -0.0364429 0.0442646
0.133022 0.0420092 0.0443038
1.03555 0.00744101 0.044339
1.03549 -0.00752394 0.0443445
0.51534 -0.0538147 0.0443734
0.728101 -0.0538137 0.0443746
0.0784448 0.0295702 0.0444333
0.262497 0.0535754 0.0446147
0.116219 -0.0384729 0.0446811
0.78201 0.0534173 0.0448511
0.821543 0.0534139 0.0448551
0.68847 -0.0534119 0.0448575
0.982551 0.0406513 0.0448597
0.915002 0.052973 0.0449544
0.767842 -0.0532004 0.0451081
0.594656 -0.0530396 0.0452971
0.066414 0.0236072 0.0452993
0.0491823 -0.012031 0.0453146
0.303881 -0.0530066 0.0453357
0.25045 -0.0528053 0.0453475
0.355935 0.0528087 0.0455661
0.395605 0.0527406 0.0456449
0.529072 0.0526864 0.0457074
0.55501 -0.0526536 0.0457452
1.00992 -0.0270544 0.045776
0.568864 0.0525752 0.0458353
0.343536 -0.0525518 0.045862
0.888881 -0.0525285 0.0458891
0.662391 0.0523775 0.0460611
0.937806 -0.050073 0.0460637
0.48929 0.0523742 0.0460648
0.846981 -0.0523563 0.0460852
0.0475925 0.00506177 0.0461417
0.809362 -0.0522657 0.0461879
0.383303 -0.052156 0.0463117
0.196426 -0.0488348 0.0463135
0.634369 -0.0521164 0.0463563
0.197934 0.0489149 0.046385
0.237727 0.0514869 0.0464526
1.02345 0.0154593 0.0464531
0.46137 -0.0519726 0.0465174
0.742425 0.0518433 0.0466615
0.421708 -0.0516717 0.0468515
1.01339 0.0226807 0.0469277
0.702562 0.0515568 0.0469779
1.0214 -0.0155654 0.047111
0.972982 -0.0412641 0.0471523
0.276962 0.0512217 0.047343
0.875619 0.0511756 0.047393
0.902195 -0.0511069 0.0474228
0.156994 0.0425634 0.0474703
0.836028 0.0510771 0.047499
0.31662 0.0510206 0.0475597
0.501057 -0.051011 0.04757
0.172692 0.0446859 0.0476509
0.753814 -0.0507366 0.0478625
0.949418 -0.0461431 0.0481606
0.4101 0.050393 0.0482242
0.714026 -0.0503796 0.0482382
0.449879 0.0503627 0.0482558
0.622982 0.0503462 0.048273
0.79636 0.0503369 0.0482827
0.543676 0.0502201 0.0484041
0.145749 0.0395739 0.0484165
0.583351 0.0501907 0.0484347
0.674356 -0.0501663 0.04846
0.0722108 -0.0193367 0.0485234
0.793686 -0.0500323 0.0485982
0.289613 -0.0500276 0.048603
0.23615 -0.0493667 0.0486381
0.182128 -0.0448604 0.0486468
0.370336 0.0498205 0.0488154
0.119529 0.0336543 0.0489315
1.02347 0.000259617 0.0489512
0.580565 -0.0495497 0.0490902
0.929854 0.0479712 0.0491927
0.329279 -0.0493547 0.0492862
0.540898 -0.0493502 0.0492908
0.926066 -0.0482221 0.0493018
0.0631921 0.0101496 0.0493614
0.872706 -0.0492352 0.0494057
0.0886743 0.0240555 0.0495357
0.717027 0.0490431 0.0495963
1.0016 0.0250954 0.0496082
0.75673 0.0489451 0.0496931
0.153174 -0.0392916 0.0496933
0.0846875 -0.0221577 0.0497154
0.983913 -0.0339728 0.0497174
0.620245 -0.0488308 0.0498054
0.832898 -0.0487727 0.0498623
0.212259 0.0466495 0.0499002
0.369066 -0.04872 0.0499138
0.487057 -0.0486785 0.0499542
0.0636739 -0.00728189 0.0499714
0.890092 0.0486549 0.049978
0.291516 0.0485156 0.0501124
0.447245 -0.048435 0.0501904
0.850601 0.0484195 0.0502053
0.407583 -0.048317 0.050304
0.1679 -0.0407984 0.0504296
0.330929 0.0480682 0.0505418
0.944215 0.0443886 0.050655
0.504068 0.0479258 0.0506769
0.464343 0.0477781 0.0508161
0.637449 0.0477684 0.0508253
0.424683 0.0477325 0.050859
0.0772523 0.0149396 0.0510202
0.0985071 -0.024329 0.0510451
0.139056 -0.0347301 0.0510772
0.597925 0.0474895 0.0510859
0.677659 0.0474696 0.0511044
0.995821 -0.0252982 0.051289
0.986845 0.0300265 0.0513734
1.0063 -0.0173237 0.0514027
0.104505 0.0254855 0.0514264
0.22184 -0.0455955 0.0515005
0.739704 -0.0469115 0.0516172
0.275325 -0.0468814 0.0516441
0.958533 0.0399948 0.0516726
0.111909 -0.0271109 0.0517234
0.69987 -0.0467624 0.0517523
0.660215 -0.0467203 0.0517903
0.251865 0.0464783 0.0518389
0.972766 0.0352094 0.0518844
0.124854 -0.0301913 0.0519179
0.810965 0.0463148 0.0521533
0.771158 0.0462051 0.0522505
0.0733421 0.00249045 0.052389
0.18704 0.0410758 0.0524041
1.00857 0.0111261 0.0524084
0.606247 -0.046017 0.0524162
0.314964 -0.0460154 0.0524176
0.912762 -0.0456811 0.0524357
0.566401 -0.045883 0.0525335
0.90465 0.045778 0.0525541
0.526755 -0.0458455 0.0525663
0.134529 0.0313791 0.0525826
0.0787833 -0.00932735 0.0526122
0.73139 0.0457114 0.052683
0.385059 0.0455063 0.0528602
0.558292 0.0453322 0.0530096
0.858611 -0.0452773 0.0530565
0.34535 0.0452736 0.0530596
0.354792 -0.0451554 0.0531602
0.51849 0.0451283 0.0531833
1.00881 -0.00566647 0.0532039
0.960673 -0.0372487 0.0532511
0.818752 -0.0450125 0.0532813
0.478896 0.0448693 0.0534019
0.652005 0.0448675 0.0534034
0.779117 -0.0448465 0.0534211
0.226614 0.0435919 0.0534632
0.472925 -0.0447687 0.0534863
0.393428 -0.0447666 0.0534881
0.433064 -0.0447305 0.0535183
0.305788 0.0444776 0.0537286
0.691926 0.0441881 0.053967
0.163564 0.0349904 0.0541079
0.0925223 -0.0124668 0.0542468
0.0940359 0.0132937 0.0542848
0.936845 -0.0411102 0.0543287
0.865001 0.0437305 0.0543384
0.261017 -0.0435622 0.0544236
0.266228 0.0435346 0.0544773
0.207193 -0.040623 0.054554
0.0862168 0.0019567 0.0546424
0.825344 0.0433417 0.0546491
0.646051 -0.0430945 0.0548442
0.685674 -0.0429912 0.0549253
0.725551 -0.0429135 0.0549859
0.439248 0.0428001 0.0550743
0.785569 0.0427913 0.0550811
0.612358 0.0427751 0.0550937
0.300625 -0.0425531 0.0552653
0.399452 0.0425299 0.0552832
0.572675 0.0423191 0.0554447
0.512593 -0.0421713 0.0555572
0.359874 0.042138 0.0555825
0.898607 -0.0421218 0.0555826
0.552207 -0.0420658 0.0556371
0.970926 -0.0296249 0.0556898
0.533016 0.0419904 0.0556941
0.192954 -0.0373191 0.0557015
0.592083 -0.0419638 0.0557141
0.992134 0.0164768 0.0557818
0.122695 0.021458 0.0558052
0.201284 0.0381975 0.0558233
0.151163 0.0293357 0.0559022
0.340472 -0.0414319 0.0561108
0.919213 0.040572 0.0562058
0.74603 0.041226 0.0562622
0.107187 -0.0130367 0.0562733
0.994538 -0.011906 0.0562866
0.844456 -0.0411237 0.056337
0.804585 -0.0410977 0.056356
0.764977 -0.0410761 0.0563718
0.379257 -0.0410635 0.056381
0.706289 0.0410573 0.0563855
0.418865 -0.0408772 0.0565161
0.45873 -0.0406724 0.0566637
0.879372 0.0405996 0.0567159
0.666501 0.0405549 0.0567479
0.982776 -0.0207504 0.0568151
0.246695 -0.0400552 0.0568503
0.101497 -0.000239585 0.0569735
0.320225 0.0402313 0.0569777
0.178617 -0.0330282 0.056988
0.121379 -0.0174889 0.0569999
0.280699 0.0401725 0.0570195
0.17602 0.0324201 0.0570675
0.493369 0.0400656 0.0570944
0.110228 0.0111478 0.057096
0.839832 0.0400167 0.0571287
0.150011 -0.0262346 0.0572841
0.453618 0.0396164 0.057407
0.626732 0.0395989 0.0574191
0.13561 -0.0215928 0.0574373
0.994559 0.00178679 0.0574986
0.631871 -0.039327 0.0576057
0.413949 0.0392144 0.0576824
0.933533 0.0367725 0.0577024
0.164319 -0.0287596 0.0577465
0.671479 -0.0390658 0.0577831
0.24104 0.0384329 0.0578198
0.587162 0.0389644 0.0578515
0.286292 -0.0389626 0.0578527
0.924024 -0.0376899 0.0578964
0.976064 0.0221557 0.0579108
0.711319 -0.0387687 0.0579829
0.948002 -0.0329646 0.0581969
0.498411 -0.0383556 0.058257
0.800185 0.0383171 0.0582823
0.884428 -0.0383033 0.0582909
0.538021 -0.0380906 0.0584306
0.760381 0.0379022 0.0585529
0.947831 0.0322942 0.0585968
0.577841 -0.037787 0.0586274
0.962015 0.0273948 0.0586744
0.326088 -0.0376246 0.0587317
0.720748 0.0375886 0.0587548
0.232352 -0.0363366 0.0588764
0.374313 0.0373847 0.0588847
0.21565 0.0348729 0.0589461
0.365063 -0.0372198 0.058989
0.54752 0.0372123 0.0589938
0.750813 -0.0371597 0.0590269
0.893836 0.0371384 0.0590405
0.117844 -0.00281694 0.059105
0.790424 -0.0370224 0.0591132
0.404672 -0.0368701 0.0592083
0.830227 -0.0368658 0.0592109
0.334577 0.0368635 0.0592124
0.295176 0.0367294 0.0592957
0.139588 0.0174842 0.0593043
0.507724 0.036697 0.0593157
0.444467 -0.0364848 0.0594464
0.468071 0.0361152 0.0596717
0.641187 0.0361066 0.0596769
0.6811 0.035984 0.059751
0.128526 0.00750306 0.0600437
0.854194 0.0354558 0.0600659
0.617665 -0.0354235 0.0600849
0.271956 -0.0352497 0.0601843
0.190231 0.0289712 0.0602331
0.255355 0.0349847 0.0602432
0.164923 0.0231225 0.0602905
0.657277 -0.0350003 0.0603324
0.814513 0.0347854 0.0604566
0.217996 -0.0324147 0.0604654
0.981216 -0.00682549 0.0604658
0.131752 -0.00717882 0.0604771
0.957707 -0.0248375 0.0605826
0.697037 -0.0345519 0.0605903
0.428434 0.034426 0.060662
0.484205 -0.0344069 0.0606728
0.601552 0.0343917 0.0606814
0.870224 -0.034346 0.0607073
0.774806 0.0342668 0.060752
0.909839 -0.0338739 0.0608158
0.978916 0.00810158 0.0608375
0.52382 -0.0339831 0.0609112
0.388657 0.0338578 0.0609809
0.311673 -0.0337659 0.0610318
0.561854 0.0336484 0.0610967
0.56356 -0.033544 0.0611541
0.350844 -0.0332486 0.0613152
0.349001 0.0331929 0.0613454
0.969483 -0.0157686 0.0613735
0.736625 -0.0331108 0.0613897
0.522149 0.0330278 0.0614344
0.14604 -0.011721 0.061457
0.776244 -0.0328208 0.0615453
0.390461 -0.0327426 0.0615869
0.73516 0.0327335 0.0615917
0.203634 -0.0283115 0.0616007
0.815976 -0.0325356 0.0616965
0.655729 0.0325351 0.0616968
0.908354 0.0322002 0.0617508
0.695415 0.0323101 0.0618149
0.430189 -0.032227 0.0618583
0.153784 0.0133719 0.0619902
0.868519 0.0317888 0.0620845
0.935255 -0.0283563 0.062108
0.142737 0.00305582 0.0621155
0.309355 0.0316367 0.0621622
0.257608 -0.0314028 0.0622091
0.482505 0.0314489 0.0622575
0.18928 -0.0240514 0.0622807
0.603437 -0.0313992 0.0622825
0.160687 -0.015312 0.0622884
0.269737 0.0311643 0.0623943
0.230071 0.0296239 0.0624386
0.828905 0.0309597 0.0625022
0.174989 -0.0195992 0.0625401
0.643058 -0.0308256 0.0625684
0.442761 0.030718 0.0626213
0.615882 0.0306918 0.0626342
0.965136 0.0135759 0.0627436
0.469977 -0.0303403 0.0628052
0.855999 -0.0302703 0.0628389
0.682782 -0.0302497 0.0628489
0.403062 0.0300492 0.062945
0.204538 0.0251943 0.0630021
0.297292 -0.029829 0.0630496
0.179126 0.0191759 0.0630613
0.576249 0.0298012 0.0630628
0.5096 -0.0297701 0.0630774
0.895623 -0.0297184 0.0630998
0.789249 0.0295993 0.0631578
0.92265 0.0281532 0.0631673
0.549324 -0.0292028 0.0633421
0.336606 -0.0291644 0.0633598
0.722414 -0.028945 0.0634603
0.749469 0.0289031 0.0634794
0.363412 0.0285476 0.0636401
0.376231 -0.0285159 0.0636543
0.762043 -0.0285155 0.0636544
0.967718 -0.00144204 0.0636941
0.536595 0.028383 0.0637136
0.709789 0.0283572 0.0637251
0.15702 -0.00136338 0.0637461
0.951133 0.0187641 0.0637597
0.801769 -0.0281033 0.0638375
0.243248 -0.0273901 0.06385
0.936938 0.0236118 0.063898
0.415953 -0.027871 0.0639393
0.882902 0.0278498 0.0639482
0.323669 0.0277748 0.0639811
0.496822 0.0275894 0.0640613
0.589189 -0.0272687 0.0641984
0.168027 0.00901748 0.0642491
0.670125 0.0270948 0.064272
0.457142 0.0267463 0.0644179
0.630266 0.0267295 0.0644248
0.945309 -0.0191627 0.0644324
0.628818 -0.0265595 0.0644951
0.284039 0.0265173 0.0645125
0.843242 0.0265007 0.0645193
0.244357 0.0257433 0.0645561
0.455729 -0.026171 0.0646537
0.841753 -0.0260919 0.0646857
0.921076 -0.0244836 0.0647618
0.668538 -0.0258534 0.0647814
0.282924 -0.0258156 0.0647966
0.803542 0.0255969 0.0648831
0.955919 -0.0105413 0.0649081
0.495362 -0.0254692 0.0649334
0.881386 -0.0254095 0.0649566
0.417481 0.0253881 0.0649651
0.590606 0.0253439 0.0649824
0.171512 -0.00545513 0.0649857
0.228883 -0.0232063 0.0650521
0.322348 -0.0249828 0.0651221
0.763829 0.0248183 0.0651849
0.53508 -0.0247719 0.0652026
0.708184 -0.0246787 0.0652379
0.377723 0.0245647 0.0652809
0.193445 0.0151452 0.0653526
0.550897 0.0243641 0.065356
0.361982 -0.0242064 0.0654146
0.747823 -0.0241241 0.065445
0.338031 0.0236699 0.0656107
0.21901 0.0202118 0.0656119
0.724159 0.0236116 0.0656317
0.787543 -0.0235832 0.0656419
0.511186 0.0234882 0.0656759
0.401697 -0.0234315 0.0656962
0.185846 -0.00985059 0.0657524
0.214521 -0.0188649 0.0657791
0.897346 0.0230922 0.0658103
0.574923 -0.0230483 0.0658316
0.684412 0.0229807 0.0658552
0.954181 0.00447355 0.0658713
0.200173 -0.0143941 0.0660149
0.182423 0.00485426 0.0660208
0.298342 0.022438 0.0660421
0.857539 0.0224019 0.0660544
0.471515 0.022222 0.0661151
0.614562 -0.0222176 0.0661166
0.644742 0.0219613 0.0662021
0.441463 -0.021914 0.0662178
0.82749 -0.0218253 0.0662471
0.26855 -0.0217305 0.0662701
0.258693 0.0215694 0.0662729
0.654273 -0.0213879 0.0663896
0.817878 0.0213638 0.0663974
0.431781 0.0212628 0.0664298
0.60491 0.0212272 0.0664412
0.481107 -0.0210957 0.066483
0.867134 -0.0210273 0.0665047
0.308071 -0.0207167 0.0666021
0.906842 -0.0202014 0.0666739
0.392076 0.0203639 0.0667108
0.693934 -0.0203253 0.0667226
0.778186 0.0203148 0.0667258
0.520817 -0.0202799 0.0667364
0.565239 0.0201273 0.0667826
0.347718 -0.0198293 0.0668717
0.733587 -0.0196624 0.066921
0.931457 -0.0148015 0.0669745
0.911628 0.0187959 0.0669855
0.738446 0.019386 0.0670016
0.352398 0.0191487 0.0670697
0.773299 -0.0190094 0.0671094
0.52555 0.0190016 0.0671116
0.387425 -0.0189414 0.0671286
0.940128 0.0094467 0.0671432
0.560638 -0.0187486 0.0671827
0.698735 0.0186576 0.067208
0.207909 0.0103752 0.067265
0.19682 0.000299165 0.0673312
0.312657 0.0181827 0.067338
0.233285 0.0159904 0.0673439
0.871873 0.0181015 0.0673599
0.942594 -0.00482348 0.0673653
0.485814 0.0179848 0.0673912
0.254179 -0.0175478 0.0674054
0.600293 -0.0178146 0.0674364
0.659029 0.0176825 0.0674711
0.92591 0.0142078 0.0674944
0.427179 -0.0175806 0.0674978
0.813209 -0.0174824 0.0675232
0.272992 0.0170245 0.0676386
0.832175 0.0170251 0.06764
0.446116 0.0169458 0.0676599
0.619248 0.0169202 0.0676663
0.639996 -0.0168811 0.0676761
0.466839 -0.016664 0.0677299
0.852869 -0.0165868 0.0677488
0.293779 -0.0163787 0.0677994
0.792477 0.0159512 0.0679013
0.679668 -0.0158982 0.0679137
0.406424 0.0158418 0.0679269
0.579549 0.0157917 0.0679386
0.506542 -0.0157497 0.0679483
0.892572 -0.0156942 0.0679619
0.333442 -0.0153981 0.0680288
0.719339 -0.0151447 0.0680857
0.211138 -0.00428828 0.0681126
0.752763 0.0149824 0.0681216
0.239816 -0.0132416 0.0681236
0.366699 0.0148289 0.0681552
0.539851 0.0146413 0.0681957
0.373142 -0.0144177 0.0682433
0.759044 -0.0144003 0.068247
0.546339 -0.0143831 0.0682506
0.713068 0.0140105 0.0683281
0.225466 -0.00881537 0.0683711
0.32698 0.0137815 0.0683747
0.500139 0.0135856 0.0684138
0.886245 0.0134782 0.0684348
0.586011 -0.0133637 0.0684575
0.673328 0.0132381 0.0684819
0.412881 -0.0131843 0.0684923
0.798914 -0.0130764 0.068513
0.222195 0.00591394 0.068545
0.247599 0.0115906 0.0685874
0.91731 -0.0105368 0.0685914
0.287296 0.0126346 0.0685958
0.84648 0.0126101 0.0686003
0.460428 0.0125413 0.068613
0.625709 -0.0123478 0.068648
0.63364 0.0122902 0.0686584
0.452559 -0.012188 0.0686766
0.838591 -0.0121022 0.0686918
0.279474 -0.0119815 0.0687131
0.806775 0.0115246 0.068791
0.420727 0.011423 0.068808
0.665387 -0.0114102 0.0688101
0.593865 0.0113758 0.0688158
0.928308 -0.000324586 0.0688184
0.492257 -0.0111975 0.068845
0.87829 -0.0111332 0.0688555
0.319153 -0.0109272 0.0688885
0.705077 -0.0105864 0.0689417
0.767068 0.0105061 0.0689539
0.38102 0.0103775 0.0689734
0.554161 0.010221 0.0689968
0.532026 -0.0099635 0.0690344
0.35885 -0.00987744 0.0690468
0.744779 -0.00977365 0.0690616
0.727355 0.00952084 0.0690969
0.341301 0.00934471 0.0691209
0.514454 0.00912436 0.0691503
0.90053 0.00896763 0.0691519
0.571716 -0.00888011 0.0691821
0.39857 -0.00873605 0.0692005
0.687647 0.00863751 0.0692128
0.784607 -0.0086183 0.0692152
0.301611 0.00819412 0.0692667
0.860788 0.00809611 0.0692783
0.474743 0.00805124 0.0692835
0.236499 0.00144671 0.0692965
0.611413 -0.0078049 0.0693117
0.647931 0.00777116 0.0693155
0.265156 -0.00753584 0.0693232
0.438265 -0.00768265 0.0693253
0.8243 -0.00758845 0.0693357
0.261908 0.00709665 0.069354
0.914232 0.00406055 0.0693823
0.821086 0.00705156 0.0693924
0.435042 0.00695723 0.0694019
0.60818 0.00687492 0.0694101
0.6511 -0.00686746 0.0694108
0.477964 -0.00663855 0.0694331
0.863999 -0.00656603 0.06944
0.903169 -0.00604375 0.0694489
0.304852 -0.0064309 0.0694526
0.690801 -0.0060025 0.069491
0.781379 0.00600128 0.0694911
0.395333 0.00588052 0.0695014
0.568482 0.00576239 0.0695113
0.517705 -0.00549901 0.0695326
0.25083 -0.00305225 0.069543
0.344551 -0.00533395 0.0695455
0.730508 -0.00514361 0.0695598
0.74165 0.00494767 0.069574
0.355622 0.00481878 0.0695831
0.528774 0.00463727 0.0695954
0.557409 -0.00437711 0.0696122
0.384253 -0.00424603 0.0696204
0.770292 -0.0041181 0.069628
0.70194 0.00407627 0.0696305
0.315929 0.00371533 0.0696507
0.875097 0.00354402 0.0696597
0.48905 0.00350724 0.0696615
0.597111 -0.00326358 0.0696733
0.662226 0.00318688 0.0696769
0.423961 -0.0031611 0.0696781
0.809999 -0.00305837 0.0696826
0.276225 0.00258903 0.0697015
0.835396 0.00253995 0.0697035
0.449356 0.0024524 0.0697066
0.622497 0.00231961 0.0697111
0.636807 -0.00229198 0.0697121
0.463665 -0.00208384 0.0697186
0.849702 -0.00200331 0.0697209
0.290542 -0.00192178 0.0697232
0.795692 0.00147595 0.0697341
0.676517 -0.00140642 0.0697355
0.409649 0.00136412 0.0697364
0.5828 0.00126351 0.0697383
0.8894 -0.00107509 0.0697418
0.50338 -0.00100372 0.0697425
0.330244 -0.000798004 0.0697452
0.716228 -0.00052161 0.0697478
0.755974 0.000409546 0.0697485
0.369931 0.0002692 0.0697492
0.543094 0.000133017 0.0697496
