-1.000000 0.000000 -0.000000
-0.960000 0.039200 0.000000
-0.960000 0.038604 0.006807
-0.960000 0.036836 0.013407
-0.960000 0.033948 0.019600
-0.960000 0.030029 0.025197
-0.960000 0.025197 0.030029
-0.960000 0.019600 0.033948
-0.960000 0.013407 0.036836
-0.960000 0.006807 0.038604
-0.960000 0.000000 0.039200
-0.960000 -0.006807 0.038604
-0.960000 -0.013407 0.036836
-0.960000 -0.019600 0.033948
-0.960000 -0.025197 0.030029
-0.960000 -0.030029 0.025197
-0.960000 -0.033948 0.019600
-0.960000 -0.036836 0.013407
-0.960000 -0.038604 0.006807
-0.960000 -0.039200 0.000000
-0.960000 -0.038604 -0.006807
-0.960000 -0.036836 -0.013407
-0.960000 -0.033948 -0.019600
-0.960000 -0.030029 -0.025197
-0.960000 -0.025197 -0.030029
-0.960000 -0.019600 -0.033948
-0.960000 -0.013407 -0.036836
-0.960000 -0.006807 -0.038604
-0.960000 0.000000 -0.039200
-0.960000 0.006807 -0.038604
-0.960000 0.013407 -0.036836
-0.960000 0.019600 -0.033948
-0.960000 0.025197 -0.030029
-0.960000 0.030029 -0.025197
-0.960000 0.033948 -0.019600
-0.960000 0.036836 -0.013407
-0.960000 0.038604 -0.006807
-0.920000 0.076800 0.000000
-0.920000 0.075633 0.013336
-0.920000 0.072168 0.026267
-0.920000 0.066511 0.038400
-0.920000 0.058832 0.049366
-0.920000 0.049366 0.058832
-0.920000 0.038400 0.066511
-0.920000 0.026267 0.072168
-0.920000 0.013336 0.075633
-0.920000 0.000000 0.076800
-0.920000 -0.013336 0.075633
-0.920000 -0.026267 0.072168
-0.920000 -0.038400 0.066511
-0.920000 -0.049366 0.058832
-0.920000 -0.058832 0.049366
-0.920000 -0.066511 0.038400
-0.920000 -0.072168 0.026267
-0.920000 -0.075633 0.013336
-0.920000 -0.076800 0.000000
-0.920000 -0.075633 -0.013336
-0.920000 -0.072168 -0.026267
-0.920000 -0.066511 -0.038400
-0.920000 -0.058832 -0.049366
-0.920000 -0.049366 -0.058832
-0.920000 -0.038400 -0.066511
-0.920000 -0.026267 -0.072168
-0.920000 -0.013336 -0.075633
-0.920000 0.000000 -0.076800
-0.920000 0.013336 -0.075633
-0.920000 0.026267 -0.072168
-0.920000 0.038400 -0.066511
-0.920000 0.049366 -0.058832
-0.920000 0.058832 -0.049366
-0.920000 0.066511 -0.038400
-0.920000 0.072168 -0.026267
-0.920000 0.075633 -0.013336
-0.880000 0.112800 0.000000
-0.880000 0.111086 0.019588
-0.880000 0.105997 0.038580
-0.880000 0.097688 0.056400
-0.880000 0.086410 0.072506
-0.880000 0.072506 0.086410
-0.880000 0.056400 0.097688
-0.880000 0.038580 0.105997
-0.880000 0.019588 0.111086
-0.880000 0.000000 0.112800
-0.880000 -0.019588 0.111086
-0.880000 -0.038580 0.105997
-0.880000 -0.056400 0.097688
-0.880000 -0.072506 0.086410
-0.880000 -0.086410 0.072506
-0.880000 -0.097688 0.056400
-0.880000 -0.105997 0.038580
-0.880000 -0.111086 0.019588
-0.880000 -0.112800 0.000000
-0.880000 -0.111086 -0.019588
-0.880000 -0.105997 -0.038580
-0.880000 -0.097688 -0.056400
-0.880000 -0.086410 -0.072506
-0.880000 -0.072506 -0.086410
-0.880000 -0.056400 -0.097688
-0.880000 -0.038580 -0.105997
-0.880000 -0.019588 -0.111086
-0.880000 0.000000 -0.112800
-0.880000 0.019588 -0.111086
-0.880000 0.038580 -0.105997
-0.880000 0.056400 -0.097688
-0.880000 0.072506 -0.086410
-0.880000 0.086410 -0.072506
-0.880000 0.097688 -0.056400
-0.880000 0.105997 -0.038580
-0.880000 0.111086 -0.019588
-0.840000 0.147200 0.000000
-0.840000 0.144964 0.025561
-0.840000 0.138323 0.050345
-0.840000 0.127479 0.073600
-0.840000 0.112762 0.094618
-0.840000 0.094618 0.112762
-0.840000 0.073600 0.127479
-0.840000 0.050345 0.138323
-0.840000 0.025561 0.144964
-0.840000 0.000000 0.147200
-0.840000 -0.025561 0.144964
-0.840000 -0.050345 0.138323
-0.840000 -0.073600 0.127479
-0.840000 -0.094618 0.112762
-0.840000 -0.112762 0.094618
-0.840000 -0.127479 0.073600
-0.840000 -0.138323 0.050345
-0.840000 -0.144964 0.025561
-0.840000 -0.147200 0.000000
-0.840000 -0.144964 -0.025561
-0.840000 -0.138323 -0.050345
-0.840000 -0.127479 -0.073600
-0.840000 -0.112762 -0.094618
-0.840000 -0.094618 -0.112762
-0.840000 -0.073600 -0.127479
-0.840000 -0.050345 -0.138323
-0.840000 -0.025561 -0.144964
-0.840000 0.000000 -0.147200
-0.840000 0.025561 -0.144964
-0.840000 0.050345 -0.138323
-0.840000 0.073600 -0.127479
-0.840000 0.094618 -0.112762
-0.840000 0.112762 -0.094618
-0.840000 0.127479 -0.073600
-0.840000 0.138323 -0.050345
-0.840000 0.144964 -0.025561
-0.800000 0.180000 0.000000
-0.800000 0.177265 0.031257
-0.800000 0.169145 0.061564
-0.800000 0.155885 0.090000
-0.800000 0.137888 0.115702
-0.800000 0.115702 0.137888
-0.800000 0.090000 0.155885
-0.800000 0.061564 0.169145
-0.800000 0.031257 0.177265
-0.800000 0.000000 0.180000
-0.800000 -0.031257 0.177265
-0.800000 -0.061564 0.169145
-0.800000 -0.090000 0.155885
-0.800000 -0.115702 0.137888
-0.800000 -0.137888 0.115702
-0.800000 -0.155885 0.090000
-0.800000 -0.169145 0.061564
-0.800000 -0.177265 0.031257
-0.800000 -0.180000 0.000000
-0.800000 -0.177265 -0.031257
-0.800000 -0.169145 -0.061564
-0.800000 -0.155885 -0.090000
-0.800000 -0.137888 -0.115702
-0.800000 -0.115702 -0.137888
-0.800000 -0.090000 -0.155885
-0.800000 -0.061564 -0.169145
-0.800000 -0.031257 -0.177265
-0.800000 0.000000 -0.180000
-0.800000 0.031257 -0.177265
-0.800000 0.061564 -0.169145
-0.800000 0.090000 -0.155885
-0.800000 0.115702 -0.137888
-0.800000 0.137888 -0.115702
-0.800000 0.155885 -0.090000
-0.800000 0.169145 -0.061564
-0.800000 0.177265 -0.031257
-0.760000 0.211200 0.000000
-0.760000 0.207991 0.036674
-0.760000 0.198463 0.072235
-0.760000 0.182905 0.105600
-0.760000 0.161789 0.135757
-0.760000 0.135757 0.161789
-0.760000 0.105600 0.182905
-0.760000 0.072235 0.198463
-0.760000 0.036674 0.207991
-0.760000 0.000000 0.211200
-0.760000 -0.036674 0.207991
-0.760000 -0.072235 0.198463
-0.760000 -0.105600 0.182905
-0.760000 -0.135757 0.161789
-0.760000 -0.161789 0.135757
-0.760000 -0.182905 0.105600
-0.760000 -0.198463 0.072235
-0.760000 -0.207991 0.036674
-0.760000 -0.211200 0.000000
-0.760000 -0.207991 -0.036674
-0.760000 -0.198463 -0.072235
-0.760000 -0.182905 -0.105600
-0.760000 -0.161789 -0.135757
-0.760000 -0.135757 -0.161789
-0.760000 -0.105600 -0.182905
-0.760000 -0.072235 -0.198463
-0.760000 -0.036674 -0.207991
-0.760000 0.000000 -0.211200
-0.760000 0.036674 -0.207991
-0.760000 0.072235 -0.198463
-0.760000 0.105600 -0.182905
-0.760000 0.135757 -0.161789
-0.760000 0.161789 -0.135757
-0.760000 0.182905 -0.105600
-0.760000 0.198463 -0.072235
-0.760000 0.207991 -0.036674
-0.720000 0.240800 0.000000
-0.720000 0.237142 0.041814
-0.720000 0.226278 0.082358
-0.720000 0.208539 0.120400
-0.720000 0.184464 0.154783
-0.720000 0.154783 0.184464
-0.720000 0.120400 0.208539
-0.720000 0.082358 0.226278
-0.720000 0.041814 0.237142
-0.720000 0.000000 0.240800
-0.720000 -0.041814 0.237142
-0.720000 -0.082358 0.226278
-0.720000 -0.120400 0.208539
-0.720000 -0.154783 0.184464
-0.720000 -0.184464 0.154783
-0.720000 -0.208539 0.120400
-0.720000 -0.226278 0.082358
-0.720000 -0.237142 0.041814
-0.720000 -0.240800 0.000000
-0.720000 -0.237142 -0.041814
-0.720000 -0.226278 -0.082358
-0.720000 -0.208539 -0.120400
-0.720000 -0.184464 -0.154783
-0.720000 -0.154783 -0.184464
-0.720000 -0.120400 -0.208539
-0.720000 -0.082358 -0.226278
-0.720000 -0.041814 -0.237142
-0.720000 0.000000 -0.240800
-0.720000 0.041814 -0.237142
-0.720000 0.082358 -0.226278
-0.720000 0.120400 -0.208539
-0.720000 0.154783 -0.184464
-0.720000 0.184464 -0.154783
-0.720000 0.208539 -0.120400
-0.720000 0.226278 -0.082358
-0.720000 0.237142 -0.041814
-0.680000 0.268800 0.000000
-0.680000 0.264716 0.046677
-0.680000 0.252589 0.091935
-0.680000 0.232788 0.134400
-0.680000 0.205913 0.172781
-0.680000 0.172781 0.205913
-0.680000 0.134400 0.232788
-0.680000 0.091935 0.252589
-0.680000 0.046677 0.264716
-0.680000 0.000000 0.268800
-0.680000 -0.046677 0.264716
-0.680000 -0.091935 0.252589
-0.680000 -0.134400 0.232788
-0.680000 -0.172781 0.205913
-0.680000 -0.205913 0.172781
-0.680000 -0.232788 0.134400
-0.680000 -0.252589 0.091935
-0.680000 -0.264716 0.046677
-0.680000 -0.268800 0.000000
-0.680000 -0.264716 -0.046677
-0.680000 -0.252589 -0.091935
-0.680000 -0.232788 -0.134400
-0.680000 -0.205913 -0.172781
-0.680000 -0.172781 -0.205913
-0.680000 -0.134400 -0.232788
-0.680000 -0.091935 -0.252589
-0.680000 -0.046677 -0.264716
-0.680000 0.000000 -0.268800
-0.680000 0.046677 -0.264716
-0.680000 0.091935 -0.252589
-0.680000 0.134400 -0.232788
-0.680000 0.172781 -0.205913
-0.680000 0.205913 -0.172781
-0.680000 0.232788 -0.134400
-0.680000 0.252589 -0.091935
-0.680000 0.264716 -0.046677
-0.640000 0.295200 0.000000
-0.640000 0.290715 0.051261
-0.640000 0.277397 0.100964
-0.640000 0.255651 0.147600
-0.640000 0.226136 0.189751
-0.640000 0.189751 0.226136
-0.640000 0.147600 0.255651
-0.640000 0.100964 0.277397
-0.640000 0.051261 0.290715
-0.640000 0.000000 0.295200
-0.640000 -0.051261 0.290715
-0.640000 -0.100964 0.277397
-0.640000 -0.147600 0.255651
-0.640000 -0.189751 0.226136
-0.640000 -0.226136 0.189751
-0.640000 -0.255651 0.147600
-0.640000 -0.277397 0.100964
-0.640000 -0.290715 0.051261
-0.640000 -0.295200 0.000000
-0.640000 -0.290715 -0.051261
-0.640000 -0.277397 -0.100964
-0.640000 -0.255651 -0.147600
-0.640000 -0.226136 -0.189751
-0.640000 -0.189751 -0.226136
-0.640000 -0.147600 -0.255651
-0.640000 -0.100964 -0.277397
-0.640000 -0.051261 -0.290715
-0.640000 0.000000 -0.295200
-0.640000 0.051261 -0.290715
-0.640000 0.100964 -0.277397
-0.640000 0.147600 -0.255651
-0.640000 0.189751 -0.226136
-0.640000 0.226136 -0.189751
-0.640000 0.255651 -0.147600
-0.640000 0.277397 -0.100964
-0.640000 0.290715 -0.051261
-0.600000 0.320000 0.000000
-0.600000 0.315138 0.055567
-0.600000 0.300702 0.109446
-0.600000 0.277128 0.160000
-0.600000 0.245134 0.205692
-0.600000 0.205692 0.245134
-0.600000 0.160000 0.277128
-0.600000 0.109446 0.300702
-0.600000 0.055567 0.315138
-0.600000 0.000000 0.320000
-0.600000 -0.055567 0.315138
-0.600000 -0.109446 0.300702
-0.600000 -0.160000 0.277128
-0.600000 -0.205692 0.245134
-0.600000 -0.245134 0.205692
-0.600000 -0.277128 0.160000
-0.600000 -0.300702 0.109446
-0.600000 -0.315138 0.055567
-0.600000 -0.320000 0.000000
-0.600000 -0.315138 -0.055567
-0.600000 -0.300702 -0.109446
-0.600000 -0.277128 -0.160000
-0.600000 -0.245134 -0.205692
-0.600000 -0.205692 -0.245134
-0.600000 -0.160000 -0.277128
-0.600000 -0.109446 -0.300702
-0.600000 -0.055567 -0.315138
-0.600000 0.000000 -0.320000
-0.600000 0.055567 -0.315138
-0.600000 0.109446 -0.300702
-0.600000 0.160000 -0.277128
-0.600000 0.205692 -0.245134
-0.600000 0.245134 -0.205692
-0.600000 0.277128 -0.160000
-0.600000 0.300702 -0.109446
-0.600000 0.315138 -0.055567
-0.560000 0.343200 0.000000
-0.560000 0.337986 0.059596
-0.560000 0.322503 0.117381
-0.560000 0.297220 0.171600
-0.560000 0.262906 0.220605
-0.560000 0.220605 0.262906
-0.560000 0.171600 0.297220
-0.560000 0.117381 0.322503
-0.560000 0.059596 0.337986
-0.560000 0.000000 0.343200
-0.560000 -0.059596 0.337986
-0.560000 -0.117381 0.322503
-0.560000 -0.171600 0.297220
-0.560000 -0.220605 0.262906
-0.560000 -0.262906 0.220605
-0.560000 -0.297220 0.171600
-0.560000 -0.322503 0.117381
-0.560000 -0.337986 0.059596
-0.560000 -0.343200 0.000000
-0.560000 -0.337986 -0.059596
-0.560000 -0.322503 -0.117381
-0.560000 -0.297220 -0.171600
-0.560000 -0.262906 -0.220605
-0.560000 -0.220605 -0.262906
-0.560000 -0.171600 -0.297220
-0.560000 -0.117381 -0.322503
-0.560000 -0.059596 -0.337986
-0.560000 0.000000 -0.343200
-0.560000 0.059596 -0.337986
-0.560000 0.117381 -0.322503
-0.560000 0.171600 -0.297220
-0.560000 0.220605 -0.262906
-0.560000 0.262906 -0.220605
-0.560000 0.297220 -0.171600
-0.560000 0.322503 -0.117381
-0.560000 0.337986 -0.059596
-0.520000 0.364800 0.000000
-0.520000 0.359258 0.063347
-0.520000 0.342800 0.124769
-0.520000 0.315926 0.182400
-0.520000 0.279453 0.234489
-0.520000 0.234489 0.279453
-0.520000 0.182400 0.315926
-0.520000 0.124769 0.342800
-0.520000 0.063347 0.359258
-0.520000 0.000000 0.364800
-0.520000 -0.063347 0.359258
-0.520000 -0.124769 0.342800
-0.520000 -0.182400 0.315926
-0.520000 -0.234489 0.279453
-0.520000 -0.279453 0.234489
-0.520000 -0.315926 0.182400
-0.520000 -0.342800 0.124769
-0.520000 -0.359258 0.063347
-0.520000 -0.364800 0.000000
-0.520000 -0.359258 -0.063347
-0.520000 -0.342800 -0.124769
-0.520000 -0.315926 -0.182400
-0.520000 -0.279453 -0.234489
-0.520000 -0.234489 -0.279453
-0.520000 -0.182400 -0.315926
-0.520000 -0.124769 -0.342800
-0.520000 -0.063347 -0.359258
-0.520000 0.000000 -0.364800
-0.520000 0.063347 -0.359258
-0.520000 0.124769 -0.342800
-0.520000 0.182400 -0.315926
-0.520000 0.234489 -0.279453
-0.520000 0.279453 -0.234489
-0.520000 0.315926 -0.182400
-0.520000 0.342800 -0.124769
-0.520000 0.359258 -0.063347
-0.480000 0.384800 0.000000
-0.480000 0.378954 0.066820
-0.480000 0.361594 0.131609
-0.480000 0.333247 0.192400
-0.480000 0.294774 0.247345
-0.480000 0.247345 0.294774
-0.480000 0.192400 0.333247
-0.480000 0.131609 0.361594
-0.480000 0.066820 0.378954
-0.480000 0.000000 0.384800
-0.480000 -0.066820 0.378954
-0.480000 -0.131609 0.361594
-0.480000 -0.192400 0.333247
-0.480000 -0.247345 0.294774
-0.480000 -0.294774 0.247345
-0.480000 -0.333247 0.192400
-0.480000 -0.361594 0.131609
-0.480000 -0.378954 0.066820
-0.480000 -0.384800 0.000000
-0.480000 -0.378954 -0.066820
-0.480000 -0.361594 -0.131609
-0.480000 -0.333247 -0.192400
-0.480000 -0.294774 -0.247345
-0.480000 -0.247345 -0.294774
-0.480000 -0.192400 -0.333247
-0.480000 -0.131609 -0.361594
-0.480000 -0.066820 -0.378954
-0.480000 0.000000 -0.384800
-0.480000 0.066820 -0.378954
-0.480000 0.131609 -0.361594
-0.480000 0.192400 -0.333247
-0.480000 0.247345 -0.294774
-0.480000 0.294774 -0.247345
-0.480000 0.333247 -0.192400
-0.480000 0.361594 -0.131609
-0.480000 0.378954 -0.066820
-0.440000 0.403200 0.000000
-0.440000 0.397074 0.070015
-0.440000 0.378884 0.137903
-0.440000 0.349181 0.201600
-0.440000 0.308869 0.259172
-0.440000 0.259172 0.308869
-0.440000 0.201600 0.349181
-0.440000 0.137903 0.378884
-0.440000 0.070015 0.397074
-0.440000 0.000000 0.403200
-0.440000 -0.070015 0.397074
-0.440000 -0.137903 0.378884
-0.440000 -0.201600 0.349181
-0.440000 -0.259172 0.308869
-0.440000 -0.308869 0.259172
-0.440000 -0.349181 0.201600
-0.440000 -0.378884 0.137903
-0.440000 -0.397074 0.070015
-0.440000 -0.403200 0.000000
-0.440000 -0.397074 -0.070015
-0.440000 -0.378884 -0.137903
-0.440000 -0.349181 -0.201600
-0.440000 -0.308869 -0.259172
-0.440000 -0.259172 -0.308869
-0.440000 -0.201600 -0.349181
-0.440000 -0.137903 -0.378884
-0.440000 -0.070015 -0.397074
-0.440000 0.000000 -0.403200
-0.440000 0.070015 -0.397074
-0.440000 0.137903 -0.378884
-0.440000 0.201600 -0.349181
-0.440000 0.259172 -0.308869
-0.440000 0.308869 -0.259172
-0.440000 0.349181 -0.201600
-0.440000 0.378884 -0.137903
-0.440000 0.397074 -0.070015
-0.400000 0.420000 0.000000
-0.400000 0.413619 0.072932
-0.400000 0.394671 0.143648
-0.400000 0.363731 0.210000
-0.400000 0.321739 0.269971
-0.400000 0.269971 0.321739
-0.400000 0.210000 0.363731
-0.400000 0.143648 0.394671
-0.400000 0.072932 0.413619
-0.400000 0.000000 0.420000
-0.400000 -0.072932 0.413619
-0.400000 -0.143648 0.394671
-0.400000 -0.210000 0.363731
-0.400000 -0.269971 0.321739
-0.400000 -0.321739 0.269971
-0.400000 -0.363731 0.210000
-0.400000 -0.394671 0.143648
-0.400000 -0.413619 0.072932
-0.400000 -0.420000 0.000000
-0.400000 -0.413619 -0.072932
-0.400000 -0.394671 -0.143648
-0.400000 -0.363731 -0.210000
-0.400000 -0.321739 -0.269971
-0.400000 -0.269971 -0.321739
-0.400000 -0.210000 -0.363731
-0.400000 -0.143648 -0.394671
-0.400000 -0.072932 -0.413619
-0.400000 0.000000 -0.420000
-0.400000 0.072932 -0.413619
-0.400000 0.143648 -0.394671
-0.400000 0.210000 -0.363731
-0.400000 0.269971 -0.321739
-0.400000 0.321739 -0.269971
-0.400000 0.363731 -0.210000
-0.400000 0.394671 -0.143648
-0.400000 0.413619 -0.072932
-0.360000 0.435200 0.000000
-0.360000 0.428588 0.075572
-0.360000 0.408954 0.148847
-0.360000 0.376894 0.217600
-0.360000 0.333383 0.279741
-0.360000 0.279741 0.333383
-0.360000 0.217600 0.376894
-0.360000 0.148847 0.408954
-0.360000 0.075572 0.428588
-0.360000 0.000000 0.435200
-0.360000 -0.075572 0.428588
-0.360000 -0.148847 0.408954
-0.360000 -0.217600 0.376894
-0.360000 -0.279741 0.333383
-0.360000 -0.333383 0.279741
-0.360000 -0.376894 0.217600
-0.360000 -0.408954 0.148847
-0.360000 -0.428588 0.075572
-0.360000 -0.435200 0.000000
-0.360000 -0.428588 -0.075572
-0.360000 -0.408954 -0.148847
-0.360000 -0.376894 -0.217600
-0.360000 -0.333383 -0.279741
-0.360000 -0.279741 -0.333383
-0.360000 -0.217600 -0.376894
-0.360000 -0.148847 -0.408954
-0.360000 -0.075572 -0.428588
-0.360000 0.000000 -0.435200
-0.360000 0.075572 -0.428588
-0.360000 0.148847 -0.408954
-0.360000 0.217600 -0.376894
-0.360000 0.279741 -0.333383
-0.360000 0.333383 -0.279741
-0.360000 0.376894 -0.217600
-0.360000 0.408954 -0.148847
-0.360000 0.428588 -0.075572
-0.320000 0.448800 0.000000
-0.320000 0.441982 0.077933
-0.320000 0.421734 0.153499
-0.320000 0.388672 0.224400
-0.320000 0.343801 0.288483
-0.320000 0.288483 0.343801
-0.320000 0.224400 0.388672
-0.320000 0.153499 0.421734
-0.320000 0.077933 0.441982
-0.320000 0.000000 0.448800
-0.320000 -0.077933 0.441982
-0.320000 -0.153499 0.421734
-0.320000 -0.224400 0.388672
-0.320000 -0.288483 0.343801
-0.320000 -0.343801 0.288483
-0.320000 -0.388672 0.224400
-0.320000 -0.421734 0.153499
-0.320000 -0.441982 0.077933
-0.320000 -0.448800 0.000000
-0.320000 -0.441982 -0.077933
-0.320000 -0.421734 -0.153499
-0.320000 -0.388672 -0.224400
-0.320000 -0.343801 -0.288483
-0.320000 -0.288483 -0.343801
-0.320000 -0.224400 -0.388672
-0.320000 -0.153499 -0.421734
-0.320000 -0.077933 -0.441982
-0.320000 0.000000 -0.448800
-0.320000 0.077933 -0.441982
-0.320000 0.153499 -0.421734
-0.320000 0.224400 -0.388672
-0.320000 0.288483 -0.343801
-0.320000 0.343801 -0.288483
-0.320000 0.388672 -0.224400
-0.320000 0.421734 -0.153499
-0.320000 0.441982 -0.077933
-0.280000 0.460800 0.000000
-0.280000 0.453799 0.080017
-0.280000 0.433010 0.157603
-0.280000 0.399065 0.230400
-0.280000 0.352993 0.296197
-0.280000 0.296197 0.352993
-0.280000 0.230400 0.399065
-0.280000 0.157603 0.433010
-0.280000 0.080017 0.453799
-0.280000 0.000000 0.460800
-0.280000 -0.080017 0.453799
-0.280000 -0.157603 0.433010
-0.280000 -0.230400 0.399065
-0.280000 -0.296197 0.352993
-0.280000 -0.352993 0.296197
-0.280000 -0.399065 0.230400
-0.280000 -0.433010 0.157603
-0.280000 -0.453799 0.080017
-0.280000 -0.460800 0.000000
-0.280000 -0.453799 -0.080017
-0.280000 -0.433010 -0.157603
-0.280000 -0.399065 -0.230400
-0.280000 -0.352993 -0.296197
-0.280000 -0.296197 -0.352993
-0.280000 -0.230400 -0.399065
-0.280000 -0.157603 -0.433010
-0.280000 -0.080017 -0.453799
-0.280000 0.000000 -0.460800
-0.280000 0.080017 -0.453799
-0.280000 0.157603 -0.433010
-0.280000 0.230400 -0.399065
-0.280000 0.296197 -0.352993
-0.280000 0.352993 -0.296197
-0.280000 0.399065 -0.230400
-0.280000 0.433010 -0.157603
-0.280000 0.453799 -0.080017
-0.240000 0.471200 0.000000
-0.240000 0.464041 0.081823
-0.240000 0.442783 0.161160
-0.240000 0.408071 0.235600
-0.240000 0.360960 0.302882
-0.240000 0.302882 0.360960
-0.240000 0.235600 0.408071
-0.240000 0.161160 0.442783
-0.240000 0.081823 0.464041
-0.240000 0.000000 0.471200
-0.240000 -0.081823 0.464041
-0.240000 -0.161160 0.442783
-0.240000 -0.235600 0.408071
-0.240000 -0.302882 0.360960
-0.240000 -0.360960 0.302882
-0.240000 -0.408071 0.235600
-0.240000 -0.442783 0.161160
-0.240000 -0.464041 0.081823
-0.240000 -0.471200 0.000000
-0.240000 -0.464041 -0.081823
-0.240000 -0.442783 -0.161160
-0.240000 -0.408071 -0.235600
-0.240000 -0.360960 -0.302882
-0.240000 -0.302882 -0.360960
-0.240000 -0.235600 -0.408071
-0.240000 -0.161160 -0.442783
-0.240000 -0.081823 -0.464041
-0.240000 0.000000 -0.471200
-0.240000 0.081823 -0.464041
-0.240000 0.161160 -0.442783
-0.240000 0.235600 -0.408071
-0.240000 0.302882 -0.360960
-0.240000 0.360960 -0.302882
-0.240000 0.408071 -0.235600
-0.240000 0.442783 -0.161160
-0.240000 0.464041 -0.081823
-0.200000 0.480000 0.000000
-0.200000 0.472708 0.083351
-0.200000 0.451052 0.164170
-0.200000 0.415692 0.240000
-0.200000 0.367701 0.308538
-0.200000 0.308538 0.367701
-0.200000 0.240000 0.415692
-0.200000 0.164170 0.451052
-0.200000 0.083351 0.472708
-0.200000 0.000000 0.480000
-0.200000 -0.083351 0.472708
-0.200000 -0.164170 0.451052
-0.200000 -0.240000 0.415692
-0.200000 -0.308538 0.367701
-0.200000 -0.367701 0.308538
-0.200000 -0.415692 0.240000
-0.200000 -0.451052 0.164170
-0.200000 -0.472708 0.083351
-0.200000 -0.480000 0.000000
-0.200000 -0.472708 -0.083351
-0.200000 -0.451052 -0.164170
-0.200000 -0.415692 -0.240000
-0.200000 -0.367701 -0.308538
-0.200000 -0.308538 -0.367701
-0.200000 -0.240000 -0.415692
-0.200000 -0.164170 -0.451052
-0.200000 -0.083351 -0.472708
-0.200000 0.000000 -0.480000
-0.200000 0.083351 -0.472708
-0.200000 0.164170 -0.451052
-0.200000 0.240000 -0.415692
-0.200000 0.308538 -0.367701
-0.200000 0.367701 -0.308538
-0.200000 0.415692 -0.240000
-0.200000 0.451052 -0.164170
-0.200000 0.472708 -0.083351
-0.160000 0.487200 0.000000
-0.160000 0.479798 0.084601
-0.160000 0.457818 0.166632
-0.160000 0.421928 0.243600
-0.160000 0.373217 0.313166
-0.160000 0.313166 0.373217
-0.160000 0.243600 0.421928
-0.160000 0.166632 0.457818
-0.160000 0.084601 0.479798
-0.160000 0.000000 0.487200
-0.160000 -0.084601 0.479798
-0.160000 -0.166632 0.457818
-0.160000 -0.243600 0.421928
-0.160000 -0.313166 0.373217
-0.160000 -0.373217 0.313166
-0.160000 -0.421928 0.243600
-0.160000 -0.457818 0.166632
-0.160000 -0.479798 0.084601
-0.160000 -0.487200 0.000000
-0.160000 -0.479798 -0.084601
-0.160000 -0.457818 -0.166632
-0.160000 -0.421928 -0.243600
-0.160000 -0.373217 -0.313166
-0.160000 -0.313166 -0.373217
-0.160000 -0.243600 -0.421928
-0.160000 -0.166632 -0.457818
-0.160000 -0.084601 -0.479798
-0.160000 0.000000 -0.487200
-0.160000 0.084601 -0.479798
-0.160000 0.166632 -0.457818
-0.160000 0.243600 -0.421928
-0.160000 0.313166 -0.373217
-0.160000 0.373217 -0.313166
-0.160000 0.421928 -0.243600
-0.160000 0.457818 -0.166632
-0.160000 0.479798 -0.084601
-0.120000 0.492800 0.000000
-0.120000 0.485313 0.085574
-0.120000 0.463081 0.168548
-0.120000 0.426777 0.246400
-0.120000 0.377507 0.316766
-0.120000 0.316766 0.377507
-0.120000 0.246400 0.426777
-0.120000 0.168548 0.463081
-0.120000 0.085574 0.485313
-0.120000 0.000000 0.492800
-0.120000 -0.085574 0.485313
-0.120000 -0.168548 0.463081
-0.120000 -0.246400 0.426777
-0.120000 -0.316766 0.377507
-0.120000 -0.377507 0.316766
-0.120000 -0.426777 0.246400
-0.120000 -0.463081 0.168548
-0.120000 -0.485313 0.085574
-0.120000 -0.492800 0.000000
-0.120000 -0.485313 -0.085574
-0.120000 -0.463081 -0.168548
-0.120000 -0.426777 -0.246400
-0.120000 -0.377507 -0.316766
-0.120000 -0.316766 -0.377507
-0.120000 -0.246400 -0.426777
-0.120000 -0.168548 -0.463081
-0.120000 -0.085574 -0.485313
-0.120000 0.000000 -0.492800
-0.120000 0.085574 -0.485313
-0.120000 0.168548 -0.463081
-0.120000 0.246400 -0.426777
-0.120000 0.316766 -0.377507
-0.120000 0.377507 -0.316766
-0.120000 0.426777 -0.246400
-0.120000 0.463081 -0.168548
-0.120000 0.485313 -0.085574
-0.080000 0.496800 0.000000
-0.080000 0.489252 0.086268
-0.080000 0.466839 0.169916
-0.080000 0.430241 0.248400
-0.080000 0.380571 0.319337
-0.080000 0.319337 0.380571
-0.080000 0.248400 0.430241
-0.080000 0.169916 0.466839
-0.080000 0.086268 0.489252
-0.080000 0.000000 0.496800
-0.080000 -0.086268 0.489252
-0.080000 -0.169916 0.466839
-0.080000 -0.248400 0.430241
-0.080000 -0.319337 0.380571
-0.080000 -0.380571 0.319337
-0.080000 -0.430241 0.248400
-0.080000 -0.466839 0.169916
-0.080000 -0.489252 0.086268
-0.080000 -0.496800 0.000000
-0.080000 -0.489252 -0.086268
-0.080000 -0.466839 -0.169916
-0.080000 -0.430241 -0.248400
-0.080000 -0.380571 -0.319337
-0.080000 -0.319337 -0.380571
-0.080000 -0.248400 -0.430241
-0.080000 -0.169916 -0.466839
-0.080000 -0.086268 -0.489252
-0.080000 0.000000 -0.496800
-0.080000 0.086268 -0.489252
-0.080000 0.169916 -0.466839
-0.080000 0.248400 -0.430241
-0.080000 0.319337 -0.380571
-0.080000 0.380571 -0.319337
-0.080000 0.430241 -0.248400
-0.080000 0.466839 -0.169916
-0.080000 0.489252 -0.086268
-0.040000 0.499200 0.000000
-0.040000 0.491616 0.086685
-0.040000 0.469095 0.170736
-0.040000 0.432320 0.249600
-0.040000 0.382409 0.320880
-0.040000 0.320880 0.382409
-0.040000 0.249600 0.432320
-0.040000 0.170736 0.469095
-0.040000 0.086685 0.491616
-0.040000 0.000000 0.499200
-0.040000 -0.086685 0.491616
-0.040000 -0.170736 0.469095
-0.040000 -0.249600 0.432320
-0.040000 -0.320880 0.382409
-0.040000 -0.382409 0.320880
-0.040000 -0.432320 0.249600
-0.040000 -0.469095 0.170736
-0.040000 -0.491616 0.086685
-0.040000 -0.499200 0.000000
-0.040000 -0.491616 -0.086685
-0.040000 -0.469095 -0.170736
-0.040000 -0.432320 -0.249600
-0.040000 -0.382409 -0.320880
-0.040000 -0.320880 -0.382409
-0.040000 -0.249600 -0.432320
-0.040000 -0.170736 -0.469095
-0.040000 -0.086685 -0.491616
-0.040000 0.000000 -0.499200
-0.040000 0.086685 -0.491616
-0.040000 0.170736 -0.469095
-0.040000 0.249600 -0.432320
-0.040000 0.320880 -0.382409
-0.040000 0.382409 -0.320880
-0.040000 0.432320 -0.249600
-0.040000 0.469095 -0.170736
-0.040000 0.491616 -0.086685
0.000000 0.500000 0.000000
0.000000 0.492404 0.086824
0.000000 0.469846 0.171010
0.000000 0.433013 0.250000
0.000000 0.383022 0.321394
0.000000 0.321394 0.383022
0.000000 0.250000 0.433013
0.000000 0.171010 0.469846
0.000000 0.086824 0.492404
0.000000 0.000000 0.500000
0.000000 -0.086824 0.492404
0.000000 -0.171010 0.469846
0.000000 -0.250000 0.433013
0.000000 -0.321394 0.383022
0.000000 -0.383022 0.321394
0.000000 -0.433013 0.250000
0.000000 -0.469846 0.171010
0.000000 -0.492404 0.086824
0.000000 -0.500000 0.000000
0.000000 -0.492404 -0.086824
0.000000 -0.469846 -0.171010
0.000000 -0.433013 -0.250000
0.000000 -0.383022 -0.321394
0.000000 -0.321394 -0.383022
0.000000 -0.250000 -0.433013
0.000000 -0.171010 -0.469846
0.000000 -0.086824 -0.492404
0.000000 0.000000 -0.500000
0.000000 0.086824 -0.492404
0.000000 0.171010 -0.469846
0.000000 0.250000 -0.433013
0.000000 0.321394 -0.383022
0.000000 0.383022 -0.321394
0.000000 0.433013 -0.250000
0.000000 0.469846 -0.171010
0.000000 0.492404 -0.086824
0.040000 0.499200 0.000000
0.040000 0.491616 0.086685
0.040000 0.469095 0.170736
0.040000 0.432320 0.249600
0.040000 0.382409 0.320880
0.040000 0.320880 0.382409
0.040000 0.249600 0.432320
0.040000 0.170736 0.469095
0.040000 0.086685 0.491616
0.040000 0.000000 0.499200
0.040000 -0.086685 0.491616
0.040000 -0.170736 0.469095
0.040000 -0.249600 0.432320
0.040000 -0.320880 0.382409
0.040000 -0.382409 0.320880
0.040000 -0.432320 0.249600
0.040000 -0.469095 0.170736
0.040000 -0.491616 0.086685
0.040000 -0.499200 0.000000
0.040000 -0.491616 -0.086685
0.040000 -0.469095 -0.170736
0.040000 -0.432320 -0.249600
0.040000 -0.382409 -0.320880
0.040000 -0.320880 -0.382409
0.040000 -0.249600 -0.432320
0.040000 -0.170736 -0.469095
0.040000 -0.086685 -0.491616
0.040000 0.000000 -0.499200
0.040000 0.086685 -0.491616
0.040000 0.170736 -0.469095
0.040000 0.249600 -0.432320
0.040000 0.320880 -0.382409
0.040000 0.382409 -0.320880
0.040000 0.432320 -0.249600
0.040000 0.469095 -0.170736
0.040000 0.491616 -0.086685
0.080000 0.496800 0.000000
0.080000 0.489252 0.086268
0.080000 0.466839 0.169916
0.080000 0.430241 0.248400
0.080000 0.380571 0.319337
0.080000 0.319337 0.380571
0.080000 0.248400 0.430241
0.080000 0.169916 0.466839
0.080000 0.086268 0.489252
0.080000 0.000000 0.496800
0.080000 -0.086268 0.489252
0.080000 -0.169916 0.466839
0.080000 -0.248400 0.430241
0.080000 -0.319337 0.380571
0.080000 -0.380571 0.319337
0.080000 -0.430241 0.248400
0.080000 -0.466839 0.169916
0.080000 -0.489252 0.086268
0.080000 -0.496800 0.000000
0.080000 -0.489252 -0.086268
0.080000 -0.466839 -0.169916
0.080000 -0.430241 -0.248400
0.080000 -0.380571 -0.319337
0.080000 -0.319337 -0.380571
0.080000 -0.248400 -0.430241
0.080000 -0.169916 -0.466839
0.080000 -0.086268 -0.489252
0.080000 0.000000 -0.496800
0.080000 0.086268 -0.489252
0.080000 0.169916 -0.466839
0.080000 0.248400 -0.430241
0.080000 0.319337 -0.380571
0.080000 0.380571 -0.319337
0.080000 0.430241 -0.248400
0.080000 0.466839 -0.169916
0.080000 0.489252 -0.086268
0.120000 0.492800 0.000000
0.120000 0.485313 0.085574
0.120000 0.463081 0.168548
0.120000 0.426777 0.246400
0.120000 0.377507 0.316766
0.120000 0.316766 0.377507
0.120000 0.246400 0.426777
0.120000 0.168548 0.463081
0.120000 0.085574 0.485313
0.120000 0.000000 0.492800
0.120000 -0.085574 0.485313
0.120000 -0.168548 0.463081
0.120000 -0.246400 0.426777
0.120000 -0.316766 0.377507
0.120000 -0.377507 0.316766
0.120000 -0.426777 0.246400
0.120000 -0.463081 0.168548
0.120000 -0.485313 0.085574
0.120000 -0.492800 0.000000
0.120000 -0.485313 -0.085574
0.120000 -0.463081 -0.168548
0.120000 -0.426777 -0.246400
0.120000 -0.377507 -0.316766
0.120000 -0.316766 -0.377507
0.120000 -0.246400 -0.426777
0.120000 -0.168548 -0.463081
0.120000 -0.085574 -0.485313
0.120000 0.000000 -0.492800
0.120000 0.085574 -0.485313
0.120000 0.168548 -0.463081
0.120000 0.246400 -0.426777
0.120000 0.316766 -0.377507
0.120000 0.377507 -0.316766
0.120000 0.426777 -0.246400
0.120000 0.463081 -0.168548
0.120000 0.485313 -0.085574
0.160000 0.487200 0.000000
0.160000 0.479798 0.084601
0.160000 0.457818 0.166632
0.160000 0.421928 0.243600
0.160000 0.373217 0.313166
0.160000 0.313166 0.373217
0.160000 0.243600 0.421928
0.160000 0.166632 0.457818
0.160000 0.084601 0.479798
0.160000 0.000000 0.487200
0.160000 -0.084601 0.479798
0.160000 -0.166632 0.457818
0.160000 -0.243600 0.421928
0.160000 -0.313166 0.373217
0.160000 -0.373217 0.313166
0.160000 -0.421928 0.243600
0.160000 -0.457818 0.166632
0.160000 -0.479798 0.084601
0.160000 -0.487200 0.000000
0.160000 -0.479798 -0.084601
0.160000 -0.457818 -0.166632
0.160000 -0.421928 -0.243600
0.160000 -0.373217 -0.313166
0.160000 -0.313166 -0.373217
0.160000 -0.243600 -0.421928
0.160000 -0.166632 -0.457818
0.160000 -0.084601 -0.479798
0.160000 0.000000 -0.487200
0.160000 0.084601 -0.479798
0.160000 0.166632 -0.457818
0.160000 0.243600 -0.421928
0.160000 0.313166 -0.373217
0.160000 0.373217 -0.313166
0.160000 0.421928 -0.243600
0.160000 0.457818 -0.166632
0.160000 0.479798 -0.084601
0.200000 0.480000 0.000000
0.200000 0.472708 0.083351
0.200000 0.451052 0.164170
0.200000 0.415692 0.240000
0.200000 0.367701 0.308538
0.200000 0.308538 0.367701
0.200000 0.240000 0.415692
0.200000 0.164170 0.451052
0.200000 0.083351 0.472708
0.200000 0.000000 0.480000
0.200000 -0.083351 0.472708
0.200000 -0.164170 0.451052
0.200000 -0.240000 0.415692
0.200000 -0.308538 0.367701
0.200000 -0.367701 0.308538
0.200000 -0.415692 0.240000
0.200000 -0.451052 0.164170
0.200000 -0.472708 0.083351
0.200000 -0.480000 0.000000
0.200000 -0.472708 -0.083351
0.200000 -0.451052 -0.164170
0.200000 -0.415692 -0.240000
0.200000 -0.367701 -0.308538
0.200000 -0.308538 -0.367701
0.200000 -0.240000 -0.415692
0.200000 -0.164170 -0.451052
0.200000 -0.083351 -0.472708
0.200000 0.000000 -0.480000
0.200000 0.083351 -0.472708
0.200000 0.164170 -0.451052
0.200000 0.240000 -0.415692
0.200000 0.308538 -0.367701
0.200000 0.367701 -0.308538
0.200000 0.415692 -0.240000
0.200000 0.451052 -0.164170
0.200000 0.472708 -0.083351
0.240000 0.471200 0.000000
0.240000 0.464041 0.081823
0.240000 0.442783 0.161160
0.240000 0.408071 0.235600
0.240000 0.360960 0.302882
0.240000 0.302882 0.360960
0.240000 0.235600 0.408071
0.240000 0.161160 0.442783
0.240000 0.081823 0.464041
0.240000 0.000000 0.471200
0.240000 -0.081823 0.464041
0.240000 -0.161160 0.442783
0.240000 -0.235600 0.408071
0.240000 -0.302882 0.360960
0.240000 -0.360960 0.302882
0.240000 -0.408071 0.235600
0.240000 -0.442783 0.161160
0.240000 -0.464041 0.081823
0.240000 -0.471200 0.000000
0.240000 -0.464041 -0.081823
0.240000 -0.442783 -0.161160
0.240000 -0.408071 -0.235600
0.240000 -0.360960 -0.302882
0.240000 -0.302882 -0.360960
0.240000 -0.235600 -0.408071
0.240000 -0.161160 -0.442783
0.240000 -0.081823 -0.464041
0.240000 0.000000 -0.471200
0.240000 0.081823 -0.464041
0.240000 0.161160 -0.442783
0.240000 0.235600 -0.408071
0.240000 0.302882 -0.360960
0.240000 0.360960 -0.302882
0.240000 0.408071 -0.235600
0.240000 0.442783 -0.161160
0.240000 0.464041 -0.081823
0.280000 0.460800 0.000000
0.280000 0.453799 0.080017
0.280000 0.433010 0.157603
0.280000 0.399065 0.230400
0.280000 0.352993 0.296197
0.280000 0.296197 0.352993
0.280000 0.230400 0.399065
0.280000 0.157603 0.433010
0.280000 0.080017 0.453799
0.280000 0.000000 0.460800
0.280000 -0.080017 0.453799
0.280000 -0.157603 0.433010
0.280000 -0.230400 0.399065
0.280000 -0.296197 0.352993
0.280000 -0.352993 0.296197
0.280000 -0.399065 0.230400
0.280000 -0.433010 0.157603
0.280000 -0.453799 0.080017
0.280000 -0.460800 0.000000
0.280000 -0.453799 -0.080017
0.280000 -0.433010 -0.157603
0.280000 -0.399065 -0.230400
0.280000 -0.352993 -0.296197
0.280000 -0.296197 -0.352993
0.280000 -0.230400 -0.399065
0.280000 -0.157603 -0.433010
0.280000 -0.080017 -0.453799
0.280000 0.000000 -0.460800
0.280000 0.080017 -0.453799
0.280000 0.157603 -0.433010
0.280000 0.230400 -0.399065
0.280000 0.296197 -0.352993
0.280000 0.352993 -0.296197
0.280000 0.399065 -0.230400
0.280000 0.433010 -0.157603
0.280000 0.453799 -0.080017
0.320000 0.448800 0.000000
0.320000 0.441982 0.077933
0.320000 0.421734 0.153499
0.320000 0.388672 0.224400
0.320000 0.343801 0.288483
0.320000 0.288483 0.343801
0.320000 0.224400 0.388672
0.320000 0.153499 0.421734
0.320000 0.077933 0.441982
0.320000 0.000000 0.448800
0.320000 -0.077933 0.441982
0.320000 -0.153499 0.421734
0.320000 -0.224400 0.388672
0.320000 -0.288483 0.343801
0.320000 -0.343801 0.288483
0.320000 -0.388672 0.224400
0.320000 -0.421734 0.153499
0.320000 -0.441982 0.077933
0.320000 -0.448800 0.000000
0.320000 -0.441982 -0.077933
0.320000 -0.421734 -0.153499
0.320000 -0.388672 -0.224400
0.320000 -0.343801 -0.288483
0.320000 -0.288483 -0.343801
0.320000 -0.224400 -0.388672
0.320000 -0.153499 -0.421734
0.320000 -0.077933 -0.441982
0.320000 0.000000 -0.448800
0.320000 0.077933 -0.441982
0.320000 0.153499 -0.421734
0.320000 0.224400 -0.388672
0.320000 0.288483 -0.343801
0.320000 0.343801 -0.288483
0.320000 0.388672 -0.224400
0.320000 0.421734 -0.153499
0.320000 0.441982 -0.077933
0.360000 0.435200 0.000000
0.360000 0.428588 0.075572
0.360000 0.408954 0.148847
0.360000 0.376894 0.217600
0.360000 0.333383 0.279741
0.360000 0.279741 0.333383
0.360000 0.217600 0.376894
0.360000 0.148847 0.408954
0.360000 0.075572 0.428588
0.360000 0.000000 0.435200
0.360000 -0.075572 0.428588
0.360000 -0.148847 0.408954
0.360000 -0.217600 0.376894
0.360000 -0.279741 0.333383
0.360000 -0.333383 0.279741
0.360000 -0.376894 0.217600
0.360000 -0.408954 0.148847
0.360000 -0.428588 0.075572
0.360000 -0.435200 0.000000
0.360000 -0.428588 -0.075572
0.360000 -0.408954 -0.148847
0.360000 -0.376894 -0.217600
0.360000 -0.333383 -0.279741
0.360000 -0.279741 -0.333383
0.360000 -0.217600 -0.376894
0.360000 -0.148847 -0.408954
0.360000 -0.075572 -0.428588
0.360000 0.000000 -0.435200
0.360000 0.075572 -0.428588
0.360000 0.148847 -0.408954
0.360000 0.217600 -0.376894
0.360000 0.279741 -0.333383
0.360000 0.333383 -0.279741
0.360000 0.376894 -0.217600
0.360000 0.408954 -0.148847
0.360000 0.428588 -0.075572
0.400000 0.420000 0.000000
0.400000 0.413619 0.072932
0.400000 0.394671 0.143648
0.400000 0.363731 0.210000
0.400000 0.321739 0.269971
0.400000 0.269971 0.321739
0.400000 0.210000 0.363731
0.400000 0.143648 0.394671
0.400000 0.072932 0.413619
0.400000 0.000000 0.420000
0.400000 -0.072932 0.413619
0.400000 -0.143648 0.394671
0.400000 -0.210000 0.363731
0.400000 -0.269971 0.321739
0.400000 -0.321739 0.269971
0.400000 -0.363731 0.210000
0.400000 -0.394671 0.143648
0.400000 -0.413619 0.072932
0.400000 -0.420000 0.000000
0.400000 -0.413619 -0.072932
0.400000 -0.394671 -0.143648
0.400000 -0.363731 -0.210000
0.400000 -0.321739 -0.269971
0.400000 -0.269971 -0.321739
0.400000 -0.210000 -0.363731
0.400000 -0.143648 -0.394671
0.400000 -0.072932 -0.413619
0.400000 0.000000 -0.420000
0.400000 0.072932 -0.413619
0.400000 0.143648 -0.394671
0.400000 0.210000 -0.363731
0.400000 0.269971 -0.321739
0.400000 0.321739 -0.269971
0.400000 0.363731 -0.210000
0.400000 0.394671 -0.143648
0.400000 0.413619 -0.072932
0.440000 0.403200 0.000000
0.440000 0.397074 0.070015
0.440000 0.378884 0.137903
0.440000 0.349181 0.201600
0.440000 0.308869 0.259172
0.440000 0.259172 0.308869
0.440000 0.201600 0.349181
0.440000 0.137903 0.378884
0.440000 0.070015 0.397074
0.440000 0.000000 0.403200
0.440000 -0.070015 0.397074
0.440000 -0.137903 0.378884
0.440000 -0.201600 0.349181
0.440000 -0.259172 0.308869
0.440000 -0.308869 0.259172
0.440000 -0.349181 0.201600
0.440000 -0.378884 0.137903
0.440000 -0.397074 0.070015
0.440000 -0.403200 0.000000
0.440000 -0.397074 -0.070015
0.440000 -0.378884 -0.137903
0.440000 -0.349181 -0.201600
0.440000 -0.308869 -0.259172
0.440000 -0.259172 -0.308869
0.440000 -0.201600 -0.349181
0.440000 -0.137903 -0.378884
0.440000 -0.070015 -0.397074
0.440000 0.000000 -0.403200
0.440000 0.070015 -0.397074
0.440000 0.137903 -0.378884
0.440000 0.201600 -0.349181
0.440000 0.259172 -0.308869
0.440000 0.308869 -0.259172
0.440000 0.349181 -0.201600
0.440000 0.378884 -0.137903
0.440000 0.397074 -0.070015
0.480000 0.384800 0.000000
0.480000 0.378954 0.066820
0.480000 0.361594 0.131609
0.480000 0.333247 0.192400
0.480000 0.294774 0.247345
0.480000 0.247345 0.294774
0.480000 0.192400 0.333247
0.480000 0.131609 0.361594
0.480000 0.066820 0.378954
0.480000 0.000000 0.384800
0.480000 -0.066820 0.378954
0.480000 -0.131609 0.361594
0.480000 -0.192400 0.333247
0.480000 -0.247345 0.294774
0.480000 -0.294774 0.247345
0.480000 -0.333247 0.192400
0.480000 -0.361594 0.131609
0.480000 -0.378954 0.066820
0.480000 -0.384800 0.000000
0.480000 -0.378954 -0.066820
0.480000 -0.361594 -0.131609
0.480000 -0.333247 -0.192400
0.480000 -0.294774 -0.247345
0.480000 -0.247345 -0.294774
0.480000 -0.192400 -0.333247
0.480000 -0.131609 -0.361594
0.480000 -0.066820 -0.378954
0.480000 0.000000 -0.384800
0.480000 0.066820 -0.378954
0.480000 0.131609 -0.361594
0.480000 0.192400 -0.333247
0.480000 0.247345 -0.294774
0.480000 0.294774 -0.247345
0.480000 0.333247 -0.192400
0.480000 0.361594 -0.131609
0.480000 0.378954 -0.066820
0.520000 0.364800 0.000000
0.520000 0.359258 0.063347
0.520000 0.342800 0.124769
0.520000 0.315926 0.182400
0.520000 0.279453 0.234489
0.520000 0.234489 0.279453
0.520000 0.182400 0.315926
0.520000 0.124769 0.342800
0.520000 0.063347 0.359258
0.520000 0.000000 0.364800
0.520000 -0.063347 0.359258
0.520000 -0.124769 0.342800
0.520000 -0.182400 0.315926
0.520000 -0.234489 0.279453
0.520000 -0.279453 0.234489
0.520000 -0.315926 0.182400
0.520000 -0.342800 0.124769
0.520000 -0.359258 0.063347
0.520000 -0.364800 0.000000
0.520000 -0.359258 -0.063347
0.520000 -0.342800 -0.124769
0.520000 -0.315926 -0.182400
0.520000 -0.279453 -0.234489
0.520000 -0.234489 -0.279453
0.520000 -0.182400 -0.315926
0.520000 -0.124769 -0.342800
0.520000 -0.063347 -0.359258
0.520000 0.000000 -0.364800
0.520000 0.063347 -0.359258
0.520000 0.124769 -0.342800
0.520000 0.182400 -0.315926
0.520000 0.234489 -0.279453
0.520000 0.279453 -0.234489
0.520000 0.315926 -0.182400
0.520000 0.342800 -0.124769
0.520000 0.359258 -0.063347
0.560000 0.343200 0.000000
0.560000 0.337986 0.059596
0.560000 0.322503 0.117381
0.560000 0.297220 0.171600
0.560000 0.262906 0.220605
0.560000 0.220605 0.262906
0.560000 0.171600 0.297220
0.560000 0.117381 0.322503
0.560000 0.059596 0.337986
0.560000 0.000000 0.343200
0.560000 -0.059596 0.337986
0.560000 -0.117381 0.322503
0.560000 -0.171600 0.297220
0.560000 -0.220605 0.262906
0.560000 -0.262906 0.220605
0.560000 -0.297220 0.171600
0.560000 -0.322503 0.117381
0.560000 -0.337986 0.059596
0.560000 -0.343200 0.000000
0.560000 -0.337986 -0.059596
0.560000 -0.322503 -0.117381
0.560000 -0.297220 -0.171600
0.560000 -0.262906 -0.220605
0.560000 -0.220605 -0.262906
0.560000 -0.171600 -0.297220
0.560000 -0.117381 -0.322503
0.560000 -0.059596 -0.337986
0.560000 0.000000 -0.343200
0.560000 0.059596 -0.337986
0.560000 0.117381 -0.322503
0.560000 0.171600 -0.297220
0.560000 0.220605 -0.262906
0.560000 0.262906 -0.220605
0.560000 0.297220 -0.171600
0.560000 0.322503 -0.117381
0.560000 0.337986 -0.059596
0.600000 0.320000 0.000000
0.600000 0.315138 0.055567
0.600000 0.300702 0.109446
0.600000 0.277128 0.160000
0.600000 0.245134 0.205692
0.600000 0.205692 0.245134
0.600000 0.160000 0.277128
0.600000 0.109446 0.300702
0.600000 0.055567 0.315138
0.600000 0.000000 0.320000
0.600000 -0.055567 0.315138
0.600000 -0.109446 0.300702
0.600000 -0.160000 0.277128
0.600000 -0.205692 0.245134
0.600000 -0.245134 0.205692
0.600000 -0.277128 0.160000
0.600000 -0.300702 0.109446
0.600000 -0.315138 0.055567
0.600000 -0.320000 0.000000
0.600000 -0.315138 -0.055567
0.600000 -0.300702 -0.109446
0.600000 -0.277128 -0.160000
0.600000 -0.245134 -0.205692
0.600000 -0.205692 -0.245134
0.600000 -0.160000 -0.277128
0.600000 -0.109446 -0.300702
0.600000 -0.055567 -0.315138
0.600000 0.000000 -0.320000
0.600000 0.055567 -0.315138
0.600000 0.109446 -0.300702
0.600000 0.160000 -0.277128
0.600000 0.205692 -0.245134
0.600000 0.245134 -0.205692
0.600000 0.277128 -0.160000
0.600000 0.300702 -0.109446
0.600000 0.315138 -0.055567
0.640000 0.295200 0.000000
0.640000 0.290715 0.051261
0.640000 0.277397 0.100964
0.640000 0.255651 0.147600
0.640000 0.226136 0.189751
0.640000 0.189751 0.226136
0.640000 0.147600 0.255651
0.640000 0.100964 0.277397
0.640000 0.051261 0.290715
0.640000 0.000000 0.295200
0.640000 -0.051261 0.290715
0.640000 -0.100964 0.277397
0.640000 -0.147600 0.255651
0.640000 -0.189751 0.226136
0.640000 -0.226136 0.189751
0.640000 -0.255651 0.147600
0.640000 -0.277397 0.100964
0.640000 -0.290715 0.051261
0.640000 -0.295200 0.000000
0.640000 -0.290715 -0.051261
0.640000 -0.277397 -0.100964
0.640000 -0.255651 -0.147600
0.640000 -0.226136 -0.189751
0.640000 -0.189751 -0.226136
0.640000 -0.147600 -0.255651
0.640000 -0.100964 -0.277397
0.640000 -0.051261 -0.290715
0.640000 0.000000 -0.295200
0.640000 0.051261 -0.290715
0.640000 0.100964 -0.277397
0.640000 0.147600 -0.255651
0.640000 0.189751 -0.226136
0.640000 0.226136 -0.189751
0.640000 0.255651 -0.147600
0.640000 0.277397 -0.100964
0.640000 0.290715 -0.051261
0.680000 0.268800 0.000000
0.680000 0.264716 0.046677
0.680000 0.252589 0.091935
0.680000 0.232788 0.134400
0.680000 0.205913 0.172781
0.680000 0.172781 0.205913
0.680000 0.134400 0.232788
0.680000 0.091935 0.252589
0.680000 0.046677 0.264716
0.680000 0.000000 0.268800
0.680000 -0.046677 0.264716
0.680000 -0.091935 0.252589
0.680000 -0.134400 0.232788
0.680000 -0.172781 0.205913
0.680000 -0.205913 0.172781
0.680000 -0.232788 0.134400
0.680000 -0.252589 0.091935
0.680000 -0.264716 0.046677
0.680000 -0.268800 0.000000
0.680000 -0.264716 -0.046677
0.680000 -0.252589 -0.091935
0.680000 -0.232788 -0.134400
0.680000 -0.205913 -0.172781
0.680000 -0.172781 -0.205913
0.680000 -0.134400 -0.232788
0.680000 -0.091935 -0.252589
0.680000 -0.046677 -0.264716
0.680000 0.000000 -0.268800
0.680000 0.046677 -0.264716
0.680000 0.091935 -0.252589
0.680000 0.134400 -0.232788
0.680000 0.172781 -0.205913
0.680000 0.205913 -0.172781
0.680000 0.232788 -0.134400
0.680000 0.252589 -0.091935
0.680000 0.264716 -0.046677
0.720000 0.240800 0.000000
0.720000 0.237142 0.041814
0.720000 0.226278 0.082358
0.720000 0.208539 0.120400
0.720000 0.184464 0.154783
0.720000 0.154783 0.184464
0.720000 0.120400 0.208539
0.720000 0.082358 0.226278
0.720000 0.041814 0.237142
0.720000 0.000000 0.240800
0.720000 -0.041814 0.237142
0.720000 -0.082358 0.226278
0.720000 -0.120400 0.208539
0.720000 -0.154783 0.184464
0.720000 -0.184464 0.154783
0.720000 -0.208539 0.120400
0.720000 -0.226278 0.082358
0.720000 -0.237142 0.041814
0.720000 -0.240800 0.000000
0.720000 -0.237142 -0.041814
0.720000 -0.226278 -0.082358
0.720000 -0.208539 -0.120400
0.720000 -0.184464 -0.154783
0.720000 -0.154783 -0.184464
0.720000 -0.120400 -0.208539
0.720000 -0.082358 -0.226278
0.720000 -0.041814 -0.237142
0.720000 0.000000 -0.240800
0.720000 0.041814 -0.237142
0.720000 0.082358 -0.226278
0.720000 0.120400 -0.208539
0.720000 0.154783 -0.184464
0.720000 0.184464 -0.154783
0.720000 0.208539 -0.120400
0.720000 0.226278 -0.082358
0.720000 0.237142 -0.041814
0.760000 0.211200 0.000000
0.760000 0.207991 0.036674
0.760000 0.198463 0.072235
0.760000 0.182905 0.105600
0.760000 0.161789 0.135757
0.760000 0.135757 0.161789
0.760000 0.105600 0.182905
0.760000 0.072235 0.198463
0.760000 0.036674 0.207991
0.760000 0.000000 0.211200
0.760000 -0.036674 0.207991
0.760000 -0.072235 0.198463
0.760000 -0.105600 0.182905
0.760000 -0.135757 0.161789
0.760000 -0.161789 0.135757
0.760000 -0.182905 0.105600
0.760000 -0.198463 0.072235
0.760000 -0.207991 0.036674
0.760000 -0.211200 0.000000
0.760000 -0.207991 -0.036674
0.760000 -0.198463 -0.072235
0.760000 -0.182905 -0.105600
0.760000 -0.161789 -0.135757
0.760000 -0.135757 -0.161789
0.760000 -0.105600 -0.182905
0.760000 -0.072235 -0.198463
0.760000 -0.036674 -0.207991
0.760000 0.000000 -0.211200
0.760000 0.036674 -0.207991
0.760000 0.072235 -0.198463
0.760000 0.105600 -0.182905
0.760000 0.135757 -0.161789
0.760000 0.161789 -0.135757
0.760000 0.182905 -0.105600
0.760000 0.198463 -0.072235
0.760000 0.207991 -0.036674
0.800000 0.180000 0.000000
0.800000 0.177265 0.031257
0.800000 0.169145 0.061564
0.800000 0.155885 0.090000
0.800000 0.137888 0.115702
0.800000 0.115702 0.137888
0.800000 0.090000 0.155885
0.800000 0.061564 0.169145
0.800000 0.031257 0.177265
0.800000 0.000000 0.180000
0.800000 -0.031257 0.177265
0.800000 -0.061564 0.169145
0.800000 -0.090000 0.155885
0.800000 -0.115702 0.137888
0.800000 -0.137888 0.115702
0.800000 -0.155885 0.090000
0.800000 -0.169145 0.061564
0.800000 -0.177265 0.031257
0.800000 -0.180000 0.000000
0.800000 -0.177265 -0.031257
0.800000 -0.169145 -0.061564
0.800000 -0.155885 -0.090000
0.800000 -0.137888 -0.115702
0.800000 -0.115702 -0.137888
0.800000 -0.090000 -0.155885
0.800000 -0.061564 -0.169145
0.800000 -0.031257 -0.177265
0.800000 0.000000 -0.180000
0.800000 0.031257 -0.177265
0.800000 0.061564 -0.169145
0.800000 0.090000 -0.155885
0.800000 0.115702 -0.137888
0.800000 0.137888 -0.115702
0.800000 0.155885 -0.090000
0.800000 0.169145 -0.061564
0.800000 0.177265 -0.031257
0.840000 0.147200 0.000000
0.840000 0.144964 0.025561
0.840000 0.138323 0.050345
0.840000 0.127479 0.073600
0.840000 0.112762 0.094618
0.840000 0.094618 0.112762
0.840000 0.073600 0.127479
0.840000 0.050345 0.138323
0.840000 0.025561 0.144964
0.840000 0.000000 0.147200
0.840000 -0.025561 0.144964
0.840000 -0.050345 0.138323
0.840000 -0.073600 0.127479
0.840000 -0.094618 0.112762
0.840000 -0.112762 0.094618
0.840000 -0.127479 0.073600
0.840000 -0.138323 0.050345
0.840000 -0.144964 0.025561
0.840000 -0.147200 0.000000
0.840000 -0.144964 -0.025561
0.840000 -0.138323 -0.050345
0.840000 -0.127479 -0.073600
0.840000 -0.112762 -0.094618
0.840000 -0.094618 -0.112762
0.840000 -0.073600 -0.127479
0.840000 -0.050345 -0.138323
0.840000 -0.025561 -0.144964
0.840000 0.000000 -0.147200
0.840000 0.025561 -0.144964
0.840000 0.050345 -0.138323
0.840000 0.073600 -0.127479
0.840000 0.094618 -0.112762
0.840000 0.112762 -0.094618
0.840000 0.127479 -0.073600
0.840000 0.138323 -0.050345
0.840000 0.144964 -0.025561
0.880000 0.112800 0.000000
0.880000 0.111086 0.019588
0.880000 0.105997 0.038580
0.880000 0.097688 0.056400
0.880000 0.086410 0.072506
0.880000 0.072506 0.086410
0.880000 0.056400 0.097688
0.880000 0.038580 0.105997
0.880000 0.019588 0.111086
0.880000 0.000000 0.112800
0.880000 -0.019588 0.111086
0.880000 -0.038580 0.105997
0.880000 -0.056400 0.097688
0.880000 -0.072506 0.086410
0.880000 -0.086410 0.072506
0.880000 -0.097688 0.056400
0.880000 -0.105997 0.038580
0.880000 -0.111086 0.019588
0.880000 -0.112800 0.000000
0.880000 -0.111086 -0.019588
0.880000 -0.105997 -0.038580
0.880000 -0.097688 -0.056400
0.880000 -0.086410 -0.072506
0.880000 -0.072506 -0.086410
0.880000 -0.056400 -0.097688
0.880000 -0.038580 -0.105997
0.880000 -0.019588 -0.111086
0.880000 0.000000 -0.112800
0.880000 0.019588 -0.111086
0.880000 0.038580 -0.105997
0.880000 0.056400 -0.097688
0.880000 0.072506 -0.086410
0.880000 0.086410 -0.072506
0.880000 0.097688 -0.056400
0.880000 0.105997 -0.038580
0.880000 0.111086 -0.019588
0.920000 0.076800 0.000000
0.920000 0.075633 0.013336
0.920000 0.072168 0.026267
0.920000 0.066511 0.038400
0.920000 0.058832 0.049366
0.920000 0.049366 0.058832
0.920000 0.038400 0.066511
0.920000 0.026267 0.072168
0.920000 0.013336 0.075633
0.920000 0.000000 0.076800
0.920000 -0.013336 0.075633
0.920000 -0.026267 0.072168
0.920000 -0.038400 0.066511
0.920000 -0.049366 0.058832
0.920000 -0.058832 0.049366
0.920000 -0.066511 0.038400
0.920000 -0.072168 0.026267
0.920000 -0.075633 0.013336
0.920000 -0.076800 0.000000
0.920000 -0.075633 -0.013336
0.920000 -0.072168 -0.026267
0.920000 -0.066511 -0.038400
0.920000 -0.058832 -0.049366
0.920000 -0.049366 -0.058832
0.920000 -0.038400 -0.066511
0.920000 -0.026267 -0.072168
0.920000 -0.013336 -0.075633
0.920000 0.000000 -0.076800
0.920000 0.013336 -0.075633
0.920000 0.026267 -0.072168
0.920000 0.038400 -0.066511
0.920000 0.049366 -0.058832
0.920000 0.058832 -0.049366
0.920000 0.066511 -0.038400
0.920000 0.072168 -0.026267
0.920000 0.075633 -0.013336
0.960000 0.039200 0.000000
0.960000 0.038604 0.006807
0.960000 0.036836 0.013407
0.960000 0.033948 0.019600
0.960000 0.030029 0.025197
0.960000 0.025197 0.030029
0.960000 0.019600 0.033948
0.960000 0.013407 0.036836
0.960000 0.006807 0.038604
0.960000 0.000000 0.039200
0.960000 -0.006807 0.038604
0.960000 -0.013407 0.036836
0.960000 -0.019600 0.033948
0.960000 -0.025197 0.030029
0.960000 -0.030029 0.025197
0.960000 -0.033948 0.019600
0.960000 -0.036836 0.013407
0.960000 -0.038604 0.006807
0.960000 -0.039200 0.000000
0.960000 -0.038604 -0.006807
0.960000 -0.036836 -0.013407
0.960000 -0.033948 -0.019600
0.960000 -0.030029 -0.025197
0.960000 -0.025197 -0.030029
0.960000 -0.019600 -0.033948
0.960000 -0.013407 -0.036836
0.960000 -0.006807 -0.038604
0.960000 0.000000 -0.039200
0.960000 0.006807 -0.038604
0.960000 0.013407 -0.036836
0.960000 0.019600 -0.033948
0.960000 0.025197 -0.030029
0.960000 0.030029 -0.025197
0.960000 0.033948 -0.019600
0.960000 0.036836 -0.013407
0.960000 0.038604 -0.006807
1.000000 0.000000 0.000000
